# n
11685
# age length
49 650
58 630
49 610
89 700
40 570
82 580
25 590
66 560
39 570
60 510
80 600
64 550
63 660
71 550
65 610
42 550
48 610
61 560
64 550
79 580
64 570
53 610
53 620
66 590
51 590
80 600
81 600
40 510
34 520
30 510
41 610
74 690
53 640
64 640
95 710
41 610
48 630
79 700
65 650
34 560
34 590
42 630
34 530
30 520
42 630
65 600
36 580
29 560
39 570
37 590
41 570
28 490
33 560
81 700
42 590
80 670
40 600
28 620
54 510
50 700
82 620
56 640
39 560
52 640
28 490
57 600
95 730
23 560
66 610
32 540
46 560
33 630
72 660
39 600
40 640
25 480
27 510
23 460
15 270
28 410
25 460
58 610
54 590
41 590
27 510
80 640
57 630
44 560
66 650
66 640
55 650
72 680
42 580
55 650
32 500
87 620
31 550
33 560
31 560
80 530
63 560
56 640
73 560
30 550
80 550
47 640
65 620
73 630
48 430
59 630
64 620
61 410
39 600
18 470
40 610
19 390
36 540
34 610
26 480
65 630
68 640
18 480
20 460
15 400
17 410
42 620
32 580
60 610
13 420
42 560
30 560
36 560
21 500
18 650
67 620
60 620
22 450
22 410
42 600
22 490
16 420
30 530
34 550
22 460
40 620
33 500
33 530
72 610
31 550
54 590
42 580
48 560
36 590
33 550
33 560
39 560
68 570
34 560
22 470
22 430
19 380
25 510
15 410
22 430
22 450
38 410
36 480
31 490
32 540
32 550
26 480
38 490
35 530
51 660
56 690
41 560
72 650
38 560
53 670
33 540
71 700
71 610
64 550
70 560
32 550
45 590
62 610
45 550
42 550
73 560
47 550
45 580
30 530
33 550
43 590
82 560
78 570
40 560
83 570
55 560
73 560
86 550
79 540
72 570
41 490
84 550
77 590
46 570
52 560
34 520
46 550
33 530
34 520
30 540
33 540
40 500
36 540
25 500
42 580
42 580
95 620
68 580
37 580
43 580
32 510
21 440
37 520
36 530
32 460
37 550
37 490
46 510
47 560
39 550
34 480
84 580
46 540
43 510
21 470
32 490
48 560
26 480
72 610
37 540
19 410
36 500
40 550
31 520
44 600
72 660
35 530
70 570
55 540
40 540
47 560
32 510
84 570
35 520
22 470
43 580
35 510
75 700
45 550
34 500
20 470
46 560
56 560
43 510
36 490
45 500
24 450
31 460
34 550
47 530
90 540
71 620
77 650
62 620
12 360
28 460
62 590
91 640
86 610
73 600
21 490
20 480
30 600
67 630
46 520
57 550
32 520
65 560
39 580
28 460
29 380
51 530
34 480
26 540
37 560
62 570
36 580
29 570
28 520
31 510
33 510
31 450
24 480
50 630
40 600
38 590
38 610
37 610
45 600
58 630
37 560
39 620
43 600
36 580
36 530
26 490
35 490
70 680
38 560
80 650
52 620
59 600
38 570
59 630
27 520
34 540
42 570
24 450
63 650
81 590
40 540
61 600
62 570
82 730
60 630
60 590
69 590
56 560
19 440
52 620
46 590
36 590
26 480
40 650
27 470
43 590
70 640
30 530
40 560
38 570
36 600
35 580
34 550
12 420
31 500
68 580
69 650
43 540
35 550
30 470
60 520
41 560
43 530
71 710
29 560
70 600
42 620
30 640
38 530
17 450
18 450
18 460
58 600
44 580
33 570
35 560
70 620
63 600
55 630
32 570
34 590
29 590
33 570
30 570
41 600
37 600
35 550
50 600
34 600
55 600
74 630
70 610
95 700
80 760
81 600
35 570
40 600
59 590
31 540
34 590
56 610
69 700
71 660
28 530
33 540
42 580
21 490
31 530
11 420
47 580
36 570
35 580
38 580
39 660
34 550
39 610
18 510
36 610
66 670
52 630
18 470
26 560
30 470
39 640
15 400
29 550
55 600
51 590
50 610
19 460
18 480
35 520
14 410
31 430
17 450
28 460
32 490
33 510
33 580
45 530
43 570
50 600
69 550
50 620
71 560
62 580
42 570
43 530
50 560
34 540
48 540
58 550
65 540
66 530
23 450
39 530
30 520
50 470
42 510
48 550
85 610
40 520
28 610
90 630
76 640
40 580
27 530
73 600
48 530
46 600
47 620
32 540
28 550
32 490
46 530
72 550
38 470
17 460
40 550
64 610
74 640
18 470
27 550
28 520
31 520
62 680
42 600
18 540
27 560
33 550
55 600
28 580
39 650
35 580
22 480
41 560
21 490
40 500
51 600
55 550
25 500
33 540
26 450
34 560
31 600
25 470
41 660
14 380
26 480
21 460
39 650
17 460
27 510
95 590
90 650
41 610
15 400
23 470
72 640
75 640
45 600
26 500
21 480
65 620
77 670
53 590
86 640
38 590
47 600
28 490
24 520
36 600
91 630
45 600
34 490
39 560
89 630
57 610
59 580
44 570
40 540
25 480
33 550
46 570
64 630
51 550
39 610
37 580
38 570
41 540
20 450
70 690
32 530
55 580
44 540
66 590
22 470
34 530
34 590
47 610
66 620
37 570
40 470
37 560
38 520
53 590
35 590
23 490
23 520
61 530
21 470
39 520
23 490
39 540
68 660
86 600
41 520
64 590
34 480
57 630
67 630
75 640
21 470
84 670
35 560
62 600
51 590
63 690
35 590
65 700
20 450
20 450
45 270
78 630
98 650
40 570
63 590
46 570
66 660
28 590
28 540
45 630
59 600
37 540
86 610
72 650
42 540
65 560
92 630
74 610
76 630
23 480
17 470
15 540
96 730
42 580
67 680
63 650
49 570
64 590
78 660
51 620
31 580
70 600
29 530
33 640
31 540
57 650
67 690
65 620
58 660
46 650
39 620
14 470
21 450
23 490
55 680
71 640
36 620
19 420
24 470
34 560
23 500
70 650
86 680
37 630
36 590
35 610
22 560
15 400
27 530
37 530
23 510
32 530
24 530
29 600
43 600
26 450
34 600
20 500
52 600
22 420
21 460
31 530
46 590
26 470
22 460
20 480
20 570
37 470
22 510
22 470
24 510
36 580
35 540
83 610
33 530
30 540
66 680
23 470
23 450
20 440
20 470
24 440
24 490
23 530
23 460
61 600
29 560
70 660
67 620
46 580
28 530
58 710
38 600
31 650
31 570
71 680
41 580
16 500
41 610
61 640
87 700
33 560
79 660
29 500
64 650
61 680
15 370
41 520
33 530
23 470
77 630
56 620
63 630
37 490
69 620
10 330
19 480
44 660
61 690
42 640
70 710
101 800
70 710
47 640
45 600
39 610
76 690
90 660
54 630
65 580
26 590
36 600
49 510
21 450
28 460
49 610
50 670
36 490
32 500
43 550
40 570
24 520
72 620
38 510
50 610
46 530
39 500
31 490
19 410
61 730
54 580
57 460
52 620
50 600
80 630
43 600
43 590
39 570
30 480
43 500
32 500
40 530
39 520
41 520
45 590
45 580
46 640
43 580
46 610
41 620
98 700
62 600
57 650
47 630
46 540
39 580
72 620
42 570
38 600
58 560
64 640
61 600
48 600
48 660
44 580
39 580
68 580
36 550
55 600
50 590
47 560
47 660
33 510
21 480
36 520
41 620
38 580
46 600
36 550
45 560
47 610
80 610
40 630
42 620
39 540
49 590
57 580
44 570
42 580
65 640
41 650
44 530
55 610
43 500
36 490
35 480
33 500
39 530
31 470
33 440
42 520
59 660
63 600
23 510
22 460
23 450
23 410
16 440
22 460
25 480
23 530
21 470
22 480
25 530
23 460
14 450
22 450
24 460
22 610
40 610
23 430
23 440
23 490
23 430
21 450
22 530
34 480
17 420
67 650
42 590
70 590
23 460
85 680
31 550
43 570
24 510
40 560
81 620
57 590
34 550
39 560
40 610
36 590
36 650
56 590
60 570
38 590
40 580
42 570
35 550
86 590
23 450
42 600
40 640
38 590
34 560
66 610
41 630
45 580
25 460
31 510
43 630
64 580
39 610
33 560
35 570
36 600
35 600
35 530
34 540
43 640
35 630
47 640
35 600
34 600
46 560
22 490
34 620
43 570
30 520
31 540
33 610
34 560
34 510
81 660
27 490
27 550
37 550
32 540
30 500
37 510
39 530
24 500
35 570
31 460
41 560
34 560
48 600
41 590
50 600
65 640
80 620
64 610
57 640
42 570
62 620
48 630
50 610
38 600
47 620
23 430
33 580
20 610
23 520
31 590
18 510
30 560
24 430
32 560
29 540
24 500
20 470
21 510
21 530
21 480
22 480
21 430
53 680
21 480
24 450
23 450
27 400
44 610
47 620
66 630
48 610
46 640
89 740
45 590
69 620
36 590
82 750
64 660
34 580
63 690
59 580
28 510
23 470
35 560
45 600
43 590
35 540
40 550
17 400
66 590
35 510
40 610
24 460
35 590
40 520
88 590
39 590
75 600
42 490
35 500
41 590
31 520
23 470
37 530
68 650
30 490
36 520
34 520
24 470
23 480
31 520
47 590
40 560
24 470
33 500
61 610
32 530
35 560
35 500
35 530
39 630
39 600
75 610
40 540
34 520
32 530
91 610
30 510
25 470
84 650
28 570
31 480
25 480
28 510
25 510
40 630
39 610
100 710
99 720
23 480
27 530
39 580
29 510
38 550
24 520
81 760
50 600
23 470
80 730
21 480
62 610
62 600
45 630
60 730
75 660
24 570
54 650
25 490
22 500
39 580
24 490
24 470
16 400
26 510
27 520
24 500
34 510
37 500
24 470
74 660
24 520
40 630
23 460
23 490
35 580
63 710
22 550
46 560
53 710
41 580
33 550
23 460
44 590
26 540
51 630
27 520
18 480
90 650
80 730
51 650
55 590
35 590
35 550
40 590
29 520
23 510
29 490
22 480
39 610
26 520
27 520
72 640
41 560
35 550
76 680
32 520
25 500
34 600
30 540
57 640
21 510
31 560
31 510
31 540
50 610
45 630
29 550
26 480
53 670
27 460
27 520
42 550
16 490
35 550
31 540
24 480
30 510
37 610
21 450
68 640
65 630
48 600
23 510
67 690
41 570
39 590
64 570
38 590
29 480
46 630
28 470
28 350
32 460
43 550
45 620
43 610
28 480
31 490
48 580
38 490
29 530
32 500
46 590
36 500
75 780
60 570
44 570
50 610
49 590
12 370
16 420
17 330
49 540
38 540
34 580
22 560
27 560
22 440
28 600
31 540
35 580
24 590
36 630
47 680
43 610
29 560
37 530
23 490
26 530
74 590
68 590
49 640
39 590
82 660
75 590
43 550
51 580
70 680
90 680
36 560
51 570
21 440
41 520
21 420
33 500
11 390
28 500
33 540
64 610
61 610
45 560
95 660
66 630
40 530
37 590
50 540
53 600
31 530
40 490
22 400
30 430
38 440
29 540
71 530
29 450
48 510
63 550
75 570
32 530
41 530
34 460
36 540
36 460
32 530
57 670
68 590
80 640
103 650
46 590
48 660
54 710
58 790
70 680
67 720
59 590
46 650
35 530
18 400
50 460
27 460
67 610
97 670
39 580
80 660
46 600
58 630
49 630
56 630
47 590
66 680
26 570
33 550
77 620
25 470
24 510
23 480
40 570
24 500
70 840
23 490
42 610
47 570
59 700
32 560
36 530
23 560
104 640
43 550
32 520
67 640
35 570
37 590
36 600
63 620
86 640
38 590
38 540
66 580
29 540
47 590
26 510
50 600
78 620
23 470
42 570
85 630
24 490
76 610
50 820
45 480
32 540
97 660
81 630
40 570
69 610
20 600
41 500
25 430
30 530
52 610
24 510
24 460
88 660
47 630
78 760
26 520
76 780
16 450
79 710
25 540
40 530
37 630
21 530
63 640
23 500
62 690
46 590
69 810
30 520
24 440
63 650
65 710
38 570
48 610
39 580
95 690
52 670
70 700
43 630
75 710
27 520
87 720
77 670
88 680
40 610
66 660
33 560
69 620
45 590
39 610
75 740
86 740
24 570
35 570
40 650
68 730
27 540
29 510
27 610
18 470
36 610
63 700
33 600
25 560
36 590
38 580
99 730
25 500
41 620
86 650
38 710
26 650
90 670
41 590
35 540
34 540
68 630
36 500
31 470
67 620
39 600
75 670
24 470
37 610
42 630
77 540
32 620
77 620
42 570
82 650
58 630
25 460
83 700
23 440
77 650
34 570
28 470
25 490
26 490
64 710
37 630
35 660
26 470
36 650
35 570
35 630
36 670
32 600
77 680
44 640
27 510
36 640
32 580
24 540
68 730
46 680
36 630
93 720
77 700
25 480
25 540
78 740
21 460
69 720
24 480
25 500
71 690
25 520
23 460
27 490
27 530
24 490
23 490
38 570
76 660
80 720
41 530
61 640
44 570
59 560
49 680
44 610
42 520
30 500
45 580
71 560
27 490
26 500
24 510
25 580
41 600
25 480
60 600
53 640
23 480
84 600
78 650
24 450
25 520
38 550
31 570
96 750
23 520
31 530
24 500
68 700
37 610
40 620
42 600
37 590
32 570
38 550
60 630
37 580
41 630
25 460
30 530
27 530
29 460
24 480
25 530
46 550
29 540
45 630
27 460
29 440
68 660
27 470
33 550
41 630
26 490
97 650
38 600
25 520
34 560
27 530
44 580
65 620
27 500
36 550
39 580
26 530
34 580
36 610
88 680
41 570
42 630
34 520
27 510
48 610
26 490
38 610
18 430
27 500
24 520
39 610
27 550
22 510
42 670
35 580
19 490
25 490
75 650
27 520
32 520
85 680
84 630
22 510
23 490
50 610
28 510
36 510
37 570
38 570
50 610
28 490
40 560
45 610
46 580
42 630
80 700
30 540
30 460
12 350
22 460
28 490
69 620
23 490
70 630
52 600
56 550
13 360
38 620
18 420
37 510
36 530
46 590
35 560
45 590
23 520
27 540
39 560
79 620
38 560
25 500
27 500
36 560
67 650
70 650
25 510
70 660
36 520
44 530
45 610
41 550
67 600
53 650
71 640
44 630
66 610
22 520
39 570
40 610
29 530
50 610
43 510
39 560
33 490
42 600
37 570
53 640
36 570
32 480
32 490
38 530
29 460
47 580
27 470
37 570
54 560
40 530
18 420
40 550
48 590
41 550
60 630
35 500
43 610
37 590
30 500
39 580
41 600
27 540
38 600
44 560
43 610
38 570
36 530
47 600
40 590
40 600
40 530
44 510
82 700
35 490
69 600
42 610
47 560
19 570
35 610
54 630
42 650
25 600
42 620
44 740
34 630
47 630
42 620
62 690
26 610
36 560
37 520
36 550
37 550
67 560
42 670
41 650
98 640
79 670
69 710
37 610
42 590
55 590
100 700
86 630
34 620
33 530
69 590
52 590
24 430
26 520
33 540
41 580
43 580
69 590
41 550
42 570
64 600
27 450
29 480
26 490
24 470
70 590
38 540
57 620
85 740
43 640
13 450
47 580
34 560
53 640
82 700
82 660
35 570
88 670
78 700
29 520
72 560
97 700
47 560
72 580
67 720
50 560
45 630
83 550
36 520
24 530
27 530
65 570
24 440
26 460
24 490
71 580
55 570
25 480
27 510
62 590
38 570
23 510
27 460
40 650
27 470
24 480
38 520
48 580
36 510
39 550
88 630
17 410
25 450
40 590
75 620
70 590
33 520
42 550
25 490
25 440
26 490
27 490
40 580
15 430
27 520
34 540
26 480
27 510
25 470
45 640
27 490
26 490
63 590
34 580
52 520
35 580
31 480
42 570
48 650
21 440
17 330
30 560
32 550
24 490
36 560
80 620
76 620
26 490
90 680
38 550
64 590
44 550
24 490
43 580
47 620
26 390
27 540
24 440
36 500
75 680
37 500
37 560
24 500
32 530
34 560
64 660
39 560
17 420
29 530
45 570
23 470
28 450
88 650
30 580
32 510
38 560
92 690
26 480
36 550
37 520
24 430
41 580
41 550
37 530
78 600
57 550
29 560
39 580
28 450
41 580
37 560
40 570
38 570
40 530
45 540
39 580
24 480
51 580
27 540
26 460
36 550
26 470
26 500
24 480
24 470
76 580
23 440
34 510
24 470
42 550
45 540
26 480
18 480
25 470
32 500
35 510
22 540
66 600
36 340
24 480
26 530
19 420
26 480
25 510
27 510
27 500
16 440
28 570
25 460
80 670
25 530
28 490
23 490
25 510
37 540
29 540
40 600
73 590
26 500
29 490
43 580
26 480
25 510
80 660
24 450
25 540
34 550
39 500
16 470
37 530
36 410
37 590
49 620
26 530
26 530
24 500
99 660
20 450
42 630
38 560
49 600
39 530
28 450
34 570
34 440
28 520
64 710
36 530
36 550
20 450
58 680
30 450
99 640
67 590
23 480
29 460
43 540
44 560
44 570
27 560
61 600
93 660
43 550
43 580
23 490
37 450
86 580
35 510
86 570
28 530
67 640
23 510
33 520
92 690
66 610
36 540
92 650
45 590
68 580
80 710
42 580
35 550
26 500
33 520
31 550
75 630
25 480
35 500
35 510
68 680
38 590
36 570
27 510
25 440
26 490
40 570
23 500
69 620
68 670
28 390
38 580
40 590
107 670
41 670
20 490
44 610
30 520
53 620
29 530
36 540
93 690
36 590
76 720
44 660
51 590
46 640
35 570
27 520
40 650
103 640
41 610
24 490
69 640
42 560
24 500
24 440
28 500
25 470
38 590
26 490
24 420
16 400
27 540
31 510
51 580
20 470
24 540
23 440
19 470
24 490
25 450
24 470
26 510
26 560
46 630
87 720
32 470
57 610
39 660
56 630
39 570
23 500
17 510
38 550
106 600
56 640
25 590
22 540
85 690
73 630
43 640
80 580
26 530
43 550
24 500
27 470
45 580
86 630
83 620
26 480
52 610
33 550
29 510
106 620
84 610
28 580
49 610
26 510
33 530
69 560
42 560
44 550
28 530
28 500
89 640
46 600
35 540
29 540
94 640
38 560
27 540
26 520
25 500
61 610
30 510
40 600
70 680
25 530
50 590
24 500
54 690
28 520
27 510
69 610
44 600
69 620
36 610
31 520
29 490
20 500
42 590
63 600
23 520
66 610
26 530
43 620
24 540
37 550
24 460
38 600
31 500
40 630
25 530
24 490
36 600
88 660
26 630
36 530
65 690
34 550
39 500
16 470
37 530
36 410
37 590
49 620
26 530
26 530
24 500
99 660
20 450
42 630
38 560
49 600
39 530
28 450
34 570
34 440
28 520
64 710
36 530
36 550
20 450
58 680
78 680
42 600
40 600
42 500
52 630
51 610
50 570
41 550
39 590
37 590
68 750
51 620
68 570
77 680
17 470
70 610
47 560
54 610
69 660
38 570
39 600
36 540
31 540
41 530
42 570
54 650
45 590
39 520
35 470
45 560
38 550
25 450
89 590
58 690
46 680
34 600
71 650
53 560
70 620
46 590
45 550
52 540
35 560
91 640
31 470
76 630
34 580
33 520
47 540
50 570
46 560
96 570
48 550
51 630
52 610
47 590
54 670
97 590
54 600
90 620
79 560
54 570
50 520
50 600
72 620
95 670
43 520
71 600
54 560
56 590
51 570
48 560
48 530
51 580
35 470
21 390
27 460
25 470
16 440
37 510
28 470
19 360
42 540
21 460
43 550
31 500
79 580
46 580
17 410
71 590
24 490
107 690
26 530
80 630
26 510
26 490
26 480
81 570
38 550
41 570
76 690
89 750
39 540
26 560
29 560
38 580
77 610
25 500
19 490
43 540
30 550
26 500
81 590
23 520
34 540
27 540
77 660
26 450
25 450
27 490
68 590
65 590
57 580
42 570
28 520
78 630
19 380
28 540
32 540
25 480
70 630
21 450
29 550
38 560
70 600
28 540
38 550
45 580
21 450
28 510
41 550
66 590
45 610
45 560
52 570
71 600
42 550
19 440
45 570
38 550
32 500
40 530
71 640
31 530
26 500
54 560
36 520
33 520
29 470
47 570
28 520
96 640
45 520
96 680
42 510
37 560
60 580
40 520
106 650
28 460
41 530
32 530
38 580
28 470
29 530
29 480
39 580
38 550
25 490
88 620
86 600
41 570
39 570
37 530
39 560
50 560
36 550
31 520
31 560
38 580
38 570
27 480
39 540
32 530
38 600
25 490
69 610
30 490
43 530
58 590
51 590
43 540
41 540
35 580
93 620
58 570
38 500
57 620
42 550
69 640
38 550
46 570
43 590
28 470
34 510
79 670
70 600
27 500
39 530
43 570
86 560
85 590
86 650
28 510
46 580
51 560
41 580
26 470
91 680
38 530
43 570
18 530
73 710
47 600
55 620
24 510
70 720
51 610
37 550
67 580
27 510
37 680
29 550
42 590
27 540
29 590
24 480
26 520
30 490
26 560
44 570
25 530
23 520
27 510
38 590
24 470
32 540
38 560
29 510
40 550
76 600
73 750
29 480
39 560
48 570
27 460
26 490
33 520
26 480
33 550
29 500
30 480
38 530
41 540
48 610
29 560
28 500
27 490
43 580
41 580
39 540
25 480
70 610
39 520
48 590
33 540
102 640
37 530
27 480
35 560
29 490
29 490
32 550
43 550
35 530
99 700
40 560
48 520
38 540
41 560
27 520
41 590
37 550
68 630
81 650
39 560
28 530
46 650
39 570
29 530
40 560
37 530
39 580
50 670
40 600
34 520
66 630
37 560
69 410
46 580
29 540
41 580
74 600
39 600
28 520
37 570
65 660
36 550
43 570
40 590
40 550
43 570
72 650
17 440
55 580
29 510
20 480
64 590
40 580
27 510
28 480
27 460
21 400
28 480
80 680
18 440
28 560
26 490
25 540
28 520
27 510
24 520
27 500
25 490
29 520
30 500
27 540
27 460
39 520
80 550
16 410
29 470
29 490
35 600
39 530
26 470
54 650
35 550
24 470
26 460
54 640
19 470
26 520
27 480
49 590
73 560
30 530
18 470
18 440
29 500
26 500
26 490
25 510
45 560
70 600
18 390
25 490
32 560
22 510
25 510
75 660
102 660
39 610
59 620
24 500
37 540
38 560
38 560
79 620
35 580
39 550
28 480
26 480
29 510
25 540
32 520
28 520
29 540
28 460
25 450
18 440
14 430
86 600
92 690
80 640
68 610
26 470
27 500
34 510
46 540
35 540
28 500
26 460
98 650
80 740
43 600
31 560
48 570
25 430
24 550
33 510
55 620
27 550
82 640
26 490
72 640
24 460
70 590
62 670
29 530
40 540
25 460
65 690
51 640
65 590
45 640
17 430
31 550
25 440
44 570
81 660
36 510
51 610
43 570
42 580
53 690
24 440
91 620
44 570
95 630
30 500
38 630
45 670
39 600
90 640
40 630
37 560
28 540
71 690
36 570
88 690
35 540
38 580
49 670
94 710
37 580
29 520
44 640
49 650
38 590
33 610
28 480
29 580
93 720
68 660
39 650
28 500
27 560
20 380
39 600
50 680
96 750
41 600
37 610
43 630
38 610
34 500
28 500
106 760
34 630
88 700
28 510
44 570
27 550
33 530
45 670
29 510
68 650
29 560
43 610
39 580
37 620
44 650
86 740
43 580
25 520
41 650
44 660
91 690
42 620
95 760
40 610
42 590
29 530
44 600
35 570
45 620
33 550
39 620
49 550
31 550
30 570
35 510
44 620
88 690
36 550
77 670
26 470
53 630
39 590
69 590
40 590
83 690
45 600
50 690
42 600
34 590
38 630
87 670
34 540
64 600
37 570
82 700
49 620
27 500
99 750
71 690
30 590
29 560
77 720
39 540
85 710
43 580
28 500
81 640
23 500
25 520
71 680
82 630
16 450
34 560
71 640
46 570
42 530
45 550
51 560
28 550
43 540
41 600
91 610
27 460
90 900
22 470
44 590
25 470
29 510
26 490
43 540
42 640
23 460
26 520
27 490
26 510
71 590
27 460
28 450
27 470
18 420
50 490
57 650
37 500
51 580
65 560
24 460
55 590
37 450
41 530
37 500
69 550
68 600
52 580
35 440
48 540
77 550
40 450
57 530
38 520
26 490
38 470
29 560
84 660
20 460
21 520
29 530
33 560
44 580
31 520
30 620
18 480
21 460
20 460
56 670
30 550
32 590
26 520
43 580
73 680
28 530
42 620
38 640
103 810
41 550
47 570
28 500
20 420
35 560
52 640
39 540
29 520
48 550
44 620
35 580
24 550
34 560
20 520
20 390
29 530
28 520
29 530
28 490
40 530
30 530
26 470
30 490
32 570
27 530
52 560
38 580
45 570
38 540
18 390
22 480
20 420
27 530
66 690
43 640
91 800
13 470
26 480
34 550
53 610
27 500
41 530
15 420
31 540
44 600
44 580
21 500
46 580
20 630
31 430
67 670
31 550
43 650
27 530
20 480
27 550
21 480
30 530
44 540
19 500
14 500
15 420
26 450
44 610
19 450
29 560
27 460
43 660
28 540
20 540
25 480
46 560
27 540
27 490
44 570
31 580
31 530
43 570
55 610
52 560
42 570
43 550
26 470
55 630
29 500
30 530
29 560
29 530
27 470
27 510
31 530
28 550
79 600
29 530
29 520
42 600
90 740
25 470
20 410
25 540
28 460
28 480
26 460
29 530
31 520
17 370
19 410
25 590
78 720
30 520
22 450
25 590
26 450
25 420
27 460
34 570
55 590
65 690
76 710
27 600
24 490
39 530
72 620
26 460
84 710
88 710
40 500
43 620
38 590
25 460
31 560
26 500
26 550
22 380
20 460
27 560
34 520
20 420
26 640
30 560
37 560
21 440
29 490
28 560
23 440
65 580
86 730
21 470
36 530
44 550
31 560
28 530
26 470
28 490
28 450
38 540
26 540
41 590
92 680
26 500
35 550
31 520
33 570
29 500
30 550
29 480
34 560
50 590
27 450
47 660
21 440
32 520
29 550
39 570
34 440
68 650
46 560
39 590
31 480
28 450
27 460
45 570
38 590
47 560
41 530
26 500
41 600
28 510
26 510
28 510
26 530
37 580
50 610
38 490
35 590
30 500
59 620
53 600
39 600
26 620
28 510
65 490
49 520
67 530
48 580
25 520
40 520
29 470
37 600
28 560
28 460
26 510
26 470
19 510
35 500
28 480
30 560
24 480
66 620
33 590
26 660
27 600
38 470
29 610
67 540
34 540
28 510
68 580
55 550
30 580
20 520
39 510
28 520
69 500
19 560
44 460
30 550
25 550
65 440
40 620
28 580
28 530
28 620
27 560
27 470
28 500
46 450
28 480
51 560
30 400
31 510
35 440
46 610
30 590
45 410
28 430
28 640
29 510
50 600
47 570
53 510
56 570
62 560
35 550
52 530
51 540
39 480
53 560
39 530
47 590
82 710
62 540
43 480
51 550
27 460
54 560
47 530
63 550
41 490
24 450
92 710
36 520
26 470
100 660
48 580
66 580
39 580
30 560
38 590
32 560
32 510
49 620
83 640
44 610
46 610
40 630
40 550
39 570
37 520
38 580
40 570
38 550
27 510
43 600
29 560
31 530
27 520
25 450
69 640
68 640
44 620
72 610
48 600
24 500
33 570
29 520
52 630
44 570
74 670
93 650
48 580
41 580
37 570
90 670
41 570
54 620
49 580
34 550
40 560
43 620
33 580
37 540
36 610
39 610
38 570
34 530
36 610
56 660
32 540
31 570
38 570
28 460
38 420
77 640
26 460
24 510
51 580
46 590
28 520
29 430
65 630
28 480
31 530
26 510
80 610
25 510
29 480
28 490
30 540
31 550
27 530
28 510
24 510
30 540
41 550
45 810
32 540
25 430
20 450
26 480
37 540
17 430
40 510
71 690
40 540
17 420
28 460
28 570
29 510
40 600
37 600
35 660
36 610
50 680
38 590
37 620
89 730
27 610
38 640
29 540
15 490
50 670
45 630
37 590
47 570
71 640
23 500
51 700
53 690
16 480
37 590
49 620
105 770
36 580
51 730
38 560
50 620
80 660
85 630
49 650
50 680
36 610
24 530
37 530
20 490
39 620
57 620
52 610
67 670
20 440
41 580
38 550
38 610
49 560
73 730
38 630
56 600
19 430
35 500
45 540
35 580
41 600
43 490
39 530
47 580
50 570
48 650
43 550
69 780
31 560
20 460
38 510
59 700
50 620
42 560
46 570
38 540
25 430
28 520
47 560
62 660
20 460
28 480
40 550
40 590
43 620
45 570
32 550
37 580
38 530
46 620
58 590
43 590
38 600
68 760
48 560
37 540
88 630
26 470
71 610
39 570
58 580
51 570
37 560
59 560
27 540
20 470
28 480
25 510
37 500
24 500
15 370
16 390
15 400
15 400
20 440
43 610
41 560
90 630
44 540
16 410
26 430
40 500
57 610
16 430
55 600
37 540
34 540
20 460
34 530
43 540
45 560
38 580
44 530
35 520
44 550
47 590
35 480
38 570
42 630
46 570
46 520
45 580
36 540
43 540
38 560
38 590
34 490
41 540
38 570
35 540
42 560
46 580
46 520
47 530
45 590
28 520
48 580
60 610
43 590
33 550
74 710
41 550
50 580
35 510
27 570
46 570
40 540
41 560
18 440
37 530
38 540
39 520
22 460
43 560
29 500
74 610
21 460
39 510
29 530
47 530
48 570
36 520
96 630
68 560
21 430
53 590
30 520
49 620
95 680
46 650
44 580
59 660
73 650
28 560
29 550
72 690
31 540
48 630
68 590
45 590
37 580
35 560
31 590
62 610
59 630
20 520
43 530
53 660
44 590
28 490
66 560
18 480
19 500
21 490
45 540
43 520
47 550
53 540
65 690
52 550
65 600
43 540
29 510
35 510
39 560
53 540
85 610
17 410
14 410
17 440
20 430
43 560
81 650
42 590
43 610
43 580
27 480
66 680
39 620
27 470
43 530
87 730
43 540
34 550
28 520
30 550
44 580
39 570
25 480
24 490
20 420
36 540
41 510
45 600
26 470
45 650
18 470
21 440
45 570
37 570
44 590
26 550
45 590
44 610
39 500
58 610
27 570
38 560
38 600
47 560
94 620
40 600
63 630
75 660
45 570
44 650
20 500
28 480
44 580
39 610
43 510
18 460
17 470
38 590
24 500
31 550
24 510
28 500
45 550
26 470
27 470
50 600
24 520
19 470
28 520
38 570
65 620
23 450
49 550
23 500
26 560
30 540
45 590
35 570
50 600
18 480
28 510
29 530
62 620
38 540
45 620
35 540
28 520
22 490
44 630
51 620
29 510
43 530
19 480
75 630
69 670
73 610
43 510
59 630
36 470
41 580
23 510
14 410
30 520
49 590
15 410
29 540
75 680
62 620
21 480
17 440
35 580
46 550
70 640
91 630
28 520
27 480
28 480
25 450
43 530
28 500
18 450
45 560
20 440
23 460
67 670
31 520
25 480
23 460
31 530
36 570
45 630
43 620
44 580
19 430
28 500
39 570
26 530
29 510
45 540
26 480
21 450
55 650
43 590
31 530
22 450
19 420
27 540
53 560
45 550
39 580
30 540
24 460
25 500
52 540
28 490
28 500
28 530
72 610
31 530
30 540
24 480
21 490
26 500
28 480
21 430
54 610
41 550
33 550
20 440
30 500
20 490
22 450
21 460
22 440
73 630
29 550
28 440
20 460
31 380
16 340
55 600
37 570
48 620
52 670
41 590
37 540
25 540
13 450
21 500
20 450
65 700
16 450
37 540
40 590
35 550
36 610
44 610
39 600
47 570
43 550
96 610
29 530
28 510
36 560
30 480
41 530
29 510
31 530
38 540
31 500
19 430
30 510
55 600
21 410
33 510
37 520
17 430
30 520
24 440
32 490
21 440
29 510
39 570
30 490
16 360
15 330
22 320
16 360
17 470
98 630
89 640
31 510
22 400
45 570
28 480
24 460
55 620
74 620
32 490
20 450
41 590
22 450
31 540
20 450
21 460
26 520
30 490
28 520
25 440
44 590
22 480
29 540
21 440
41 540
28 520
25 390
86 650
28 490
32 530
27 530
25 540
38 610
29 500
47 600
36 600
41 610
21 500
41 560
37 550
37 550
72 630
25 550
51 640
37 540
71 650
40 560
79 630
37 600
32 570
31 570
37 600
37 600
42 630
26 480
26 470
45 610
43 650
45 610
28 470
30 530
45 520
40 570
40 540
33 540
49 560
75 590
52 570
80 670
29 540
35 510
25 460
21 430
32 500
46 620
26 470
85 580
36 490
29 480
32 500
40 560
29 510
44 550
44 600
19 370
81 700
60 600
54 560
45 505
49 600
72 640
68 605
43 500
79 620
38 520
44 580
29 440
43 575
70 590
38 545
43 565
47 580
46 515
29 510
77 680
23 455
71 575
46 605
36 545
29 515
42 535
47 640
43 530
53 510
42 500
45 520
25 450
31 520
27 430
83 590
36 510
28 510
21 460
67 550
43 530
46 520
19 420
31 450
18 390
43 540
21 340
71 570
26 440
106 610
43 540
23 380
69 540
26 450
47 500
25 470
84 540
73 590
41 530
70 530
40 520
45 520
72 710
26 580
85 720
30 520
96 700
41 630
31 600
60 700
25 490
29 510
36 630
45 590
38 610
68 640
42 620
31 570
28 520
30 630
43 620
26 550
49 630
44 620
35 590
43 580
37 630
77 690
48 670
31 580
36 610
29 570
42 630
27 580
63 640
32 580
19 490
45 580
104 680
38 600
40 580
29 530
52 630
70 690
54 610
40 530
26 520
20 430
30 520
13 420
56 610
46 600
89 730
27 520
48 580
30 500
30 540
20 460
45 560
17 420
29 510
28 490
33 570
31 530
27 500
39 600
52 650
26 560
43 580
40 600
30 500
31 550
35 560
35 570
28 490
57 590
107 650
31 480
28 530
35 570
36 520
29 510
29 550
23 440
29 530
32 510
21 490
28 470
42 600
20 440
64 590
25 400
38 590
31 490
29 530
22 490
26 490
28 490
30 460
27 490
21 390
30 480
28 490
29 390
34 490
23 450
18 470
28 500
35 520
33 510
112 650
30 480
24 420
29 500
35 520
30 460
46 560
53 540
35 460
30 520
93 650
31 500
40 580
42 550
74 570
46 550
28 420
21 400
20 400
22 360
22 330
15 350
20 410
16 340
19 430
22 390
17 400
61 580
34 520
50 660
31 520
33 500
29 540
34 510
29 520
34 500
30 490
71 610
44 510
42 580
88 620
68 610
42 570
44 610
41 530
40 530
64 640
53 560
44 580
33 560
39 580
39 520
37 550
36 590
54 590
45 570
39 500
43 580
57 650
12 400
53 590
18 560
23 530
18 490
27 600
63 660
30 580
37 570
43 510
103 730
21 660
25 540
28 570
23 500
34 560
28 490
30 500
47 580
43 580
43 580
38 490
28 490
70 620
47 550
31 520
38 560
34 580
27 520
72 650
26 510
40 520
33 570
34 510
25 490
34 540
32 500
29 530
32 500
41 540
29 490
41 570
31 540
60 560
32 520
37 520
42 570
41 570
32 570
57 690
36 585
45 600
30 540
36 660
39 600
53 620
40 650
38 600
74 640
31 550
51 685
33 590
50 670
33 585
42 610
45 620
51 650
18 430
75 655
62 650
20 410
29 530
26 495
18 390
25 490
29 480
31 530
28 530
74 580
41 540
40 610
41 590
47 590
50 550
85 630
32 530
72 590
34 560
22 510
50 690
32 560
32 530
46 560
50 520
39 570
30 530
30 520
24 490
74 560
27 460
44 650
45 670
41 580
43 600
51 600
31 520
35 540
40 600
30 570
69 650
41 560
50 650
71 650
42 590
31 500
44 600
24 540
45 640
39 600
30 560
94 750
40 610
31 520
15 380
20 380
19 390
22 385
20 370
26 360
26 385
20 420
28 420
21 375
25 370
19 350
19 480
32 510
16 360
87 640
99 630
29 500
36 530
20 420
26 480
47 530
38 450
34 490
90 610
35 530
30 470
22 470
46 640
28 550
49 520
47 540
25 390
48 590
41 590
28 540
26 500
52 530
28 460
28 480
43 530
22 460
51 530
63 610
48 530
28 480
53 570
37 530
13 430
43 590
40 510
25 480
47 580
49 580
21 480
26 550
29 530
79 590
16 430
44 610
28 510
62 570
27 490
50 540
13 380
48 550
41 580
20 520
42 600
27 530
15 430
46 610
24 520
28 540
42 580
36 560
15 430
31 540
20 490
43 600
22 470
85 600
21 490
89 620
26 490
89 570
48 550
44 540
44 550
15 430
45 530
30 500
73 590
35 520
40 560
40 560
41 530
16 440
45 550
25 510
14 430
25 480
37 560
30 490
44 550
16 390
54 530
39 550
43 590
91 590
52 590
47 610
31 530
24 510
47 590
52 540
30 490
19 470
50 610
45 600
30 560
45 580
46 620
86 640
24 530
69 680
37 610
90 620
39 590
34 530
27 560
39 560
39 560
57 650
19 530
45 630
46 610
42 550
43 560
43 560
15 410
48 620
42 510
21 480
42 590
40 580
21 480
39 530
88 660
29 490
52 610
41 580
46 580
54 600
49 550
20 460
27 520
21 450
20 500
18 450
31 560
48 600
32 540
72 640
52 580
48 600
15 450
38 540
93 640
41 560
50 560
22 510
73 600
49 600
54 540
66 620
74 700
25 540
39 520
44 560
36 540
91 630
55 640
17 430
37 550
26 480
92 570
40 500
16 490
51 630
30 500
18 400
16 440
35 500
102 640
16 350
78 590
27 530
25 500
40 530
29 550
20 510
67 600
45 540
32 540
97 600
34 620
52 560
19 440
50 580
35 510
48 520
93 580
40 550
40 570
44 500
28 500
71 680
45 590
47 620
32 550
33 580
30 560
21 450
51 580
39 590
32 540
16 430
17 400
40 570
28 550
80 570
20 410
23 430
45 530
19 410
44 500
56 680
31 530
37 490
46 590
25 440
19 410
53 590
19 440
32 520
30 530
24 420
18 350
35 580
23 460
22 460
52 610
39 600
22 460
47 570
26 500
36 540
88 720
32 460
68 600
62 600
31 540
70 630
70 640
48 570
72 680
47 600
20 480
39 560
53 570
31 550
35 530
98 640
32 480
23 470
29 520
26 450
100 630
32 530
45 610
28 490
34 530
55 550
59 590
49 540
62 570
40 480
34 520
46 520
78 530
59 600
49 540
46 550
37 470
64 580
41 540
69 580
52 580
48 510
64 570
18 440
27 490
52 610
34 450
71 600
57 510
96 670
101 620
83 550
62 540
54 550
47 540
47 600
28 520
48 590
49 680
32 550
29 550
42 570
30 540
90 590
27 460
38 530
33 520
32 490
31 540
63 580
32 500
29 510
33 520
30 490
30 530
25 470
32 560
32 500
24 450
32 530
16 470
41 580
33 550
21 490
31 560
27 520
39 580
36 580
26 480
30 490
51 600
30 530
38 560
41 580
26 550
31 580
57 600
30 460
40 590
28 490
32 610
29 520
29 550
33 520
27 570
17 360
17 370
17 370
22 410
15 360
16 360
16 380
20 390
20 430
21 440
21 460
17 400
22 440
22 370
16 340
21 420
17 310
17 360
21 410
91 660
46 510
53 590
48 590
43 560
23 430
29 460
54 630
28 510
30 530
21 420
61 600
48 570
44 520
26 460
42 500
20 430
15 450
35 570
33 550
50 560
38 550
49 600
89 650
72 630
33 570
90 630
42 570
52 580
42 550
41 590
54 580
42 580
41 560
41 530
48 600
38 550
41 540
45 590
55 610
35 550
37 560
35 520
34 580
40 590
91 590
44 580
29 550
31 510
43 610
46 580
40 580
29 500
46 590
34 540
34 530
29 510
48 700
69 720
30 520
30 520
94 730
29 470
43 570
33 490
54 610
57 590
24 310
29 340
24 360
37 590
30 500
32 540
50 610
45 570
55 610
28 490
40 560
70 670
49 560
22 520
37 590
74 670
36 600
40 560
71 690
96 500
98 690
43 560
31 550
29 490
43 560
71 690
32 550
42 550
52 580
45 600
37 530
37 520
31 520
25 490
31 490
35 520
40 570
45 570
40 550
57 560
40 510
33 540
41 600
44 590
48 600
32 530
33 530
41 610
37 540
56 620
49 550
38 510
55 650
40 560
34 530
39 630
31 540
80 630
32 520
39 500
74 660
36 580
52 580
44 570
42 590
39 570
46 560
30 520
73 620
77 620
88 620
33 490
49 570
30 510
31 520
38 520
44 570
28 500
31 510
33 520
33 500
35 530
28 590
34 510
49 690
42 540
26 520
67 750
36 570
35 600
33 590
29 550
31 530
46 630
48 630
15 520
37 580
29 520
26 500
54 610
30 570
30 560
32 550
32 570
65 680
69 620
47 620
53 590
28 550
20 500
18 500
47 600
50 680
62 710
47 560
32 630
29 530
50 730
29 610
26 570
44 530
30 520
30 510
30 490
47 680
32 530
52 570
53 610
42 570
29 500
65 640
43 620
64 670
47 600
35 530
40 590
34 530
33 630
38 580
38 600
25 480
44 580
53 710
37 590
42 610
90 620
40 500
44 650
39 630
32 590
52 680
14 410
42 670
31 560
23 520
46 560
40 640
36 540
40 510
52 620
59 660
46 650
40 595
85 745
94 745
43 650
24 500
31 570
33 560
33 560
75 710
33 580
71 675
41 540
32 470
45 510
52 640
94 730
44 620
46 630
45 630
35 540
45 590
34 515
37 570
40 540
83 575
45 560
47 570
28 510
47 540
75 570
42 575
57 570
47 580
44 560
23 485
53 585
28 560
72 620
43 520
54 550
31 490
17 390
31 520
38 515
29 430
42 550
17 440
17 440
36 600
41 600
19 450
16 420
38 590
32 550
89 610
47 580
16 420
59 550
79 600
30 550
14 420
34 540
21 470
16 450
32 550
29 530
13 390
48 620
19 460
25 500
48 610
24 520
72 610
39 610
22 450
37 540
31 540
53 640
49 580
32 480
37 550
48 650
44 550
48 600
25 520
73 590
48 550
54 630
44 630
41 660
58 580
38 550
45 540
18 420
48 610
47 530
33 550
18 440
49 580
72 660
22 510
52 590
12 460
28 550
47 600
68 630
48 570
70 600
24 480
33 530
79 610
73 610
40 590
22 480
51 600
31 550
78 700
47 570
46 530
43 510
30 500
45 600
47 620
32 500
41 540
20 460
37 510
56 590
48 565
33 530
26 515
31 530
36 535
49 580
34 495
50 560
31 520
43 530
45 560
30 510
24 500
26 470
31 510
30 490
32 515
56 555
48 545
47 450
37 525
26 450
41 540
31 495
30 485
32 510
61 530
37 490
30 525
51 590
90 575
66 585
31 510
33 525
35 495
37 535
107 595
26 500
32 510
49 575
57 560
28 480
41 550
34 445
21 460
86 620
32 510
32 535
30 530
31 490
25 510
92 620
27 480
41 550
13 370
66 590
22 465
36 580
36 560
32 520
29 460
49 615
50 570
38 560
32 570
32 500
41 520
87 600
50 610
34 520
42 600
28 550
16 390
58 580
23 435
33 510
39 550
23 420
41 600
30 530
50 580
41 535
31 495
37 495
30 530
51 615
26 485
37 565
40 580
41 565
69 610
23 500
34 510
41 565
75 385
50 600
69 640
38 590
48 560
25 485
75 610
53 705
35 565
45 580
22 505
56 620
33 550
30 555
48 620
31 500
55 630
33 550
25 480
25 500
83 725
24 530
51 610
40 570
30 535
57 535
36 510
31 520
85 660
53 560
32 510
55 600
99 595
49 535
60 600
38 530
26 470
32 490
54 550
47 530
47 510
25 490
33 530
63 550
49 495
57 530
46 560
33 470
44 530
58 510
27 540
35 520
50 540
27 505
23 390
29 490
98 630
31 490
47 640
90 570
90 610
50 640
42 525
47 585
42 550
55 580
32 515
30 580
17 445
104 685
30 490
48 560
23 420
44 565
49 580
21 490
31 500
26 460
33 490
21 500
31 460
17 505
34 530
21 435
33 570
33 520
20 410
31 555
23 470
42 530
46 560
30 550
30 515
35 460
45 590
70 625
30 500
54 580
22 475
25 400
43 605
18 410
29 540
72 615
31 565
28 495
49 555
31 540
71 670
29 465
28 545
29 510
81 690
33 550
31 520
43 585
30 535
33 500
33 505
30 505
40 540
28 555
43 585
38 575
30 520
34 560
27 495
30 520
30 525
51 595
36 570
32 540
16 440
30 495
29 500
32 555
32 540
22 480
33 515
110 640
34 570
30 500
21 460
37 590
23 460
41 610
23 470
47 615
31 490
48 580
22 430
50 550
18 390
32 505
88 580
52 600
33 500
38 555
43 550
29 540
75 630
23 485
37 525
34 560
42 590
30 520
82 600
33 580
37 550
30 520
50 605
30 560
50 590
31 505
74 625
29 505
30 520
33 540
76 645
65 640
32 520
32 570
33 555
47 540
35 530
73 660
53 550
61 580
57 605
43 560
23 440
57 550
44 585
37 540
54 620
33 590
57 625
30 560
33 605
54 480
46 590
24 490
35 510
37 530
63 620
75 640
49 590
39 560
42 550
41 550
87 670
44 600
65 640
42 620
46 610
42 500
42 575
41 570
86 650
41 515
28 515
30 525
30 550
35 505
44 560
31 505
58 615
45 610
42 610
42 595
43 635
70 630
54 635
31 520
33 595
44 630
32 530
34 570
38 590
34 560
66 690
38 580
45 630
33 575
74 655
42 615
60 650
36 590
68 640
33 570
43 660
31 560
49 630
53 585
32 550
42 595
29 530
51 660
64 595
103 635
45 610
87 640
72 695
50 590
46 650
99 585
33 530
30 555
44 610
48 585
52 590
49 560
55 595
37 545
79 590
43 565
36 495
62 580
23 455
30 500
59 555
39 515
98 700
44 520
48 580
35 535
95 620
58 550
100 605
98 630
61 575
49 670
54 590
47 535
30 500
82 660
92 605
29 500
106 655
38 550
19 490
32 535
26 505
21 505
28 500
54 580
34 545
29 500
29 450
39 620
45 570
31 525
54 540
42 515
47 625
49 555
23 500
49 535
29 485
31 485
29 520
30 480
82 640
55 630
41 540
45 530
48 575
51 560
30 530
31 460
31 520
35 505
32 550
31 510
55 630
70 625
29 505
33 570
21 460
21 500
21 515
28 540
30 520
30 570
20 420
26 515
19 415
44 585
29 490
29 555
28 525
39 590
31 530
29 560
32 540
27 500
29 520
37 520
36 510
43 585
41 575
39 540
45 560
42 550
48 545
38 540
74 615
43 555
85 645
36 530
33 550
35 520
36 530
45 590
36 530
44 610
49 570
71 630
86 635
31 515
46 580
36 550
41 525
72 625
39 575
44 545
43 585
47 610
33 490
83 715
42 595
53 585
87 610
44 565
60 600
53 515
39 530
60 680
32 505
57 555
59 610
25 445
34 555
36 545
25 490
40 565
34 570
25 535
21 430
72 650
24 470
22 460
26 520
20 475
50 620
26 530
23 560
24 505
51 600
47 610
45 615
48 610
45 585
35 565
20 480
100 635
26 480
54 620
50 580
48 570
33 550
50 585
76 625
34 555
38 595
31 495
41 575
59 610
56 610
33 530
25 505
42 610
33 530
41 555
43 565
31 490
33 600
51 610
49 590
47 540
33 540
57 550
40 540
27 490
45 550
21 420
69 520
47 570
44 510
23 450
75 530
42 560
20 500
30 520
74 590
37 490
51 520
20 480
49 530
40 530
65 580
28 490
35 510
39 510
47 510
30 470
24 460
27 400
55 540
79 600
51 520
47 560
19 430
27 480
20 470
30 510
20 470
54 580
39 540
45 550
24 480
46 580
43 560
61 650
76 610
49 590
33 500
24 490
35 510
25 450
33 500
53 530
49 630
29 520
21 460
80 560
19 410
43 590
23 490
33 520
36 570
99 590
30 440
55 580
53 540
90 570
97 600
87 630
50 530
23 420
36 520
57 610
111 600
105 580
20 430
32 500
44 530
48 530
32 510
79 600
32 470
28 480
22 440
36 480
31 370
31 480
43 490
25 420
43 470
77 620
22 480
40 530
39 500
35 560
47 560
17 380
19 430
44 570
24 470
30 530
56 570
21 500
47 600
18 410
49 550
88 620
18 430
66 580
41 600
45 590
56 550
18 410
43 540
101 590
61 630
44 610
46 590
55 640
47 590
58 590
46 590
45 570
96 590
18 410
59 630
32 480
55 580
60 610
62 620
40 590
61 590
104 710
25 480
34 520
68 540
58 540
34 500
35 490
51 570
46 490
45 530
56 530
57 570
28 490
48 560
43 560
62 620
42 570
46 540
23 470
38 550
63 640
44 560
25 480
57 610
32 510
46 605
32 540
51 560
28 505
24 480
32 540
60 590
34 530
47 590
31 530
45 550
20 445
30 535
26 490
31 525
37 570
30 515
31 495
33 530
25 530
33 545
31 535
90 680
24 455
21 395
52 590
30 445
35 565
34 505
54 600
34 535
53 585
31 530
31 540
38 585
38 590
30 495
54 610
33 520
22 520
52 605
33 550
75 640
36 505
30 520
30 530
46 590
41 610
53 620
32 485
28 560
45 565
33 555
26 475
78 595
22 480
53 655
35 530
38 560
45 555
32 510
23 475
43 530
76 640
30 500
24 450
68 580
35 575
24 505
25 435
40 560
19 440
23 500
31 500
72 575
32 540
31 535
31 470
40 540
30 505
31 460
84 640
39 565
45 540
31 470
32 490
84 595
42 555
33 525
57 555
82 610
48 600
23 485
33 575
29 535
48 605
30 450
47 575
33 535
23 435
30 490
31 525
22 440
57 630
34 500
32 500
34 510
97 660
38 450
91 620
26 500
46 580
37 480
70 640
83 620
22 430
48 640
25 455
49 555
98 730
34 540
32 565
35 505
50 570
32 520
16 470
55 650
40 580
38 510
36 510
52 600
42 570
30 530
32 560
42 570
58 610
75 650
31 530
60 590
48 595
46 565
38 535
35 555
34 570
43 565
32 510
96 605
40 555
30 510
37 585
83 635
33 570
19 420
48 590
31 500
97 620
48 595
34 500
41 565
27 475
75 605
31 475
37 540
33 490
32 575
42 595
23 430
24 485
40 560
36 520
90 635
43 500
34 500
41 515
32 480
41 545
44 535
33 535
94 635
31 535
42 535
59 595
42 600
43 585
42 595
45 510
49 600
38 600
50 580
47 560
44 570
24 425
53 640
46 575
24 415
32 530
36 515
39 550
50 515
45 530
38 480
79 645
49 600
42 520
38 580
34 535
50 620
54 620
36 520
48 620
39 535
34 490
47 540
28 455
34 480
48 605
39 480
51 580
47 545
42 515
19 520
48 660
31 530
47 620
80 630
36 590
32 525
46 665
35 545
54 600
52 650
33 570
80 645
32 540
33 555
43 515
40 590
42 580
32 530
34 545
33 520
43 615
43 540
33 532
31 525
42 650
43 588
43 640
47 606
89 715
33 548
82 672
44 620
31 510
37 525
55 643
49 620
31 496
24 530
57 650
33 558
50 622
43 575
56 638
72 610
81 630
64 646
39 618
51 628
45 551
44 640
45 550
90 650
77 662
44 561
33 590
31 495
44 570
34 490
49 560
47 540
47 620
30 470
49 570
47 585
34 500
53 620
35 525
35 495
31 565
58 650
42 560
17 440
38 550
48 515
37 575
46 585
32 510
72 690
33 515
49 545
37 535
53 610
55 600
41 595
28 575
46 635
54 550
43 605
45 585
47 610
63 590
32 480
69 590
75 710
22 460
58 580
47 545
53 580
47 550
23 450
32 525
33 555
22 515
39 510
23 520
22 485
35 560
24 465
42 550
48 565
68 640
54 580
72 600
73 630
46 550
37 560
36 510
78 665
45 590
81 660
56 650
52 580
60 605
45 575
50 515
52 600
32 525
40 545
40 550
26 515
40 525
47 540
24 435
43 530
48 530
45 545
49 530
68 550
60 535
44 570
21 475
43 420
56 515
78 580
48 545
40 525
68 550
70 540
42 530
87 620
55 600
50 580
94 575
42 530
64 600
50 560
29 480
54 595
37 540
83 580
51 610
35 540
51 580
43 590
29 560
56 555
53 570
31 500
48 555
74 645
59 620
40 580
40 585
44 630
37 585
34 560
29 515
54 570
32 580
43 615
33 575
42 585
30 555
34 530
56 630
38 585
43 585
40 575
114 710
39 650
44 720
90 740
59 590
29 555
44 635
21 500
32 610
81 690
69 705
45 645
40 545
32 585
29 560
31 510
31 505
24 475
65 675
39 590
38 620
24 480
29 490
58 745
38 615
45 640
53 670
30 525
31 590
36 590
48 620
107 680
46 620
34 545
38 620
43 615
34 545
33 565
46 610
85 565
37 500
53 595
51 585
33 525
37 560
36 480
94 660
33 455
53 605
32 450
24 470
73 590
68 650
64 530
45 610
60 720
44 580
72 620
51 610
52 660
56 570
46 540
60 600
59 600
42 599
37 530
51 520
18 440
34 500
45 590
60 560
29 440
36 530
35 550
37 560
57 550
46 510
40 500
34 480
54 710
27 500
47 630
27 490
32 520
62 650
53 600
68 620
47 600
52 630
21 500
51 630
17 430
45 670
29 550
25 500
48 610
22 540
29 550
33 560
60 650
21 480
22 380
46 540
18 510
58 590
19 450
32 460
32 530
22 420
45 570
30 500
51 590
49 610
27 470
47 550
42 620
39 610
29 520
25 510
48 600
43 570
35 550
72 730
62 630
55 640
30 520
49 640
53 580
41 560
60 550
81 690
40 570
58 690
42 580
45 540
22 450
42 540
57 590
50 630
51 560
24 490
54 530
61 550
62 570
50 610
27 460
27 500
45 500
55 600
50 560
51 630
43 570
32 490
66 590
68 570
42 530
47 560
27 530
50 570
20 360
29 550
34 530
37 560
19 520
43 620
22 530
24 520
48 630
31 480
86 680
31 590
43 560
39 610
23 510
56 570
50 590
82 610
20 380
40 570
25 430
72 600
40 560
51 550
58 570
64 570
22 450
47 540
46 580
17 430
49 680
32 530
36 450
35 580
23 550
48 610
24 540
80 620
62 610
105 600
24 520
81 650
50 600
47 630
23 450
64 610
26 480
42 580
77 580
29 520
51 580
75 640
45 560
39 490
51 630
20 470
50 590
23 440
19 420
24 530
27 480
21 380
49 590
112 580
17 370
45 580
24 500
29 560
30 580
73 590
44 540
29 600
23 560
44 600
75 660
34 560
71 650
48 640
38 550
17 470
47 590
51 560
19 500
39 580
52 590
47 670
38 510
59 610
95 660
20 440
56 670
17 470
81 590
27 510
19 430
51 660
45 600
13 400
18 480
121 610
19 490
31 500
18 490
53 580
24 550
64 600
20 440
45 620
34 520
28 550
59 620
21 480
77 710
21 400
44 600
32 500
20 490
42 650
21 510
21 460
23 460
58 580
42 510
51 620
69 620
56 520
33 580
61 640
42 550
24 470
23 480
39 530
61 540
15 380
48 600
40 540
73 710
33 500
46 570
20 470
47 550
23 390
54 570
47 580
57 630
77 630
22 520
24 550
72 610
32 510
29 530
54 640
45 580
39 520
83 680
55 540
73 600
111 590
54 640
18 410
46 540
36 560
87 720
100 730
18 510
54 680
38 620
24 540
32 590
41 600
47 610
41 560
50 620
25 510
10 370
43 630
18 460
19 490
52 560
44 590
19 480
17 440
15 390
31 580
54 640
47 610
69 630
33 560
31 600
22 500
24 510
54 600
44 470
24 510
40 620
49 620
43 580
23 540
75 650
55 630
30 500
33 510
34 520
33 560
81 665
28 515
52 560
33 500
29 490
30 495
49 570
46 580
33 540
43 530
33 490
32 530
36 560
19 430
24 400
31 550
22 470
20 400
33 535
37 540
33 535
48 670
33 555
30 550
32 525
47 575
38 520
32 510
32 570
22 435
33 530
48 445
34 600
40 550
24 505
52 640
33 515
33 520
44 555
39 520
34 495
86 600
30 505
110 675
44 585
23 465
32 535
35 555
26 500
33 490
30 555
24 455
32 510
17 415
24 510
24 505
24 500
27 550
48 625
35 595
55 670
32 590
33 530
32 585
95 735
32 560
49 640
43 630
51 625
40 570
30 580
45 630
48 590
33 505
92 605
32 475
83 610
76 575
80 590
42 535
50 615
21 440
32 535
33 600
33 540
31 560
28 550
31 545
30 525
80 570
41 525
44 550
34 530
34 560
24 565
69 575
23 465
24 490
23 500
20 470
22 510
23 505
56 645
23 390
41 525
44 605
85 670
27 525
25 530
18 430
29 550
34 625
15 405
35 515
33 555
29 530
17 465
33 495
33 545
36 590
21 480
33 560
33 510
50 635
20 535
35 555
31 560
77 620
32 525
45 590
39 530
68 605
34 545
47 590
44 535
26 490
37 475
67 605
50 590
34 535
33 585
56 590
37 485
18 435
56 660
54 520
23 535
20 475
19 460
48 590
34 495
61 585
48 615
34 495
66 605
18 475
53 585
32 505
47 590
47 590
28 510
44 615
54 635
32 475
82 595
27 510
55 640
78 620
49 570
33 560
34 530
29 485
51 555
40 565
22 415
47 565
20 480
20 435
77 600
31 515
33 545
33 530
32 500
77 680
49 620
46 570
85 690
53 575
29 505
45 580
74 615
18 455
32 535
22 510
84 640
57 630
91 640
36 620
31 495
33 510
32 505
33 545
57 590
38 560
32 565
49 600
27 535
87 660
32 555
33 550
34 560
44 605
53 725
52 635
36 540
34 545
49 650
47 695
44 620
40 645
34 580
22 515
44 590
36 595
36 565
30 610
42 645
33 515
20 455
32 580
44 560
32 550
32 545
44 640
31 535
90 625
46 580
35 550
35 560
48 560
65 605
36 550
42 565
47 575
25 475
40 575
44 585
51 630
41 560
33 510
47 580
39 560
53 620
76 645
24 545
52 555
104 760
45 560
39 550
41 520
40 550
50 590
44 560
51 730
56 650
51 640
86 620
44 620
97 750
44 660
33 480
36 640
40 570
33 610
54 650
54 575
52 635
37 560
39 585
24 500
50 620
44 560
33 550
46 630
30 580
35 570
28 470
34 520
54 640
34 565
25 530
65 670
35 605
47 650
35 545
34 625
41 590
23 500
44 610
34 515
32 645
23 500
30 570
56 570
37 550
34 555
76 695
30 555
76 640
50 625
44 595
40 570
90 715
34 575
23 490
70 635
63 630
45 620
24 490
65 675
31 485
35 575
18 460
110 680
38 495
36 515
23 510
46 610
46 610
45 620
25 565
47 635
29 580
35 575
45 610
47 575
33 540
47 605
49 565
32 530
56 645
43 600
36 535
38 630
43 705
21 520
27 580
31 625
49 580
56 605
48 590
79 645
32 545
45 580
33 490
34 530
33 520
63 625
32 530
41 580
44 590
54 600
35 570
45 560
88 760
52 570
40 585
30 590
60 640
43 575
56 620
33 560
38 600
31 510
40 550
64 650
36 540
44 575
34 585
39 555
36 575
22 515
32 500
45 675
45 625
40 640
42 660
76 765
61 700
42 660
32 600
57 680
89 690
52 645
38 650
44 635
33 615
104 610
50 640
33 600
51 640
51 620
57 665
52 615
50 690
46 650
35 585
33 450
19 470
44 580
53 590
44 470
23 510
25 430
30 550
18 460
57 600
45 610
46 580
20 470
48 590
51 620
95 680
48 560
40 540
32 510
29 490
32 560
54 610
50 620
59 650
33 500
83 635
33 500
35 500
44 590
27 480
91 720
47 565
70 605
21 410
40 580
33 540
26 495
33 560
24 450
50 590
50 635
28 460
32 520
38 575
26 465
47 570
25 430
56 600
49 520
24 460
39 580
31 530
48 570
49 640
32 560
48 670
20 450
23 430
48 585
48 630
56 580
28 500
79 630
49 590
47 580
18 460
34 580
26 480
24 460
30 470
32 500
16 440
31 530
34 510
25 510
34 530
38 520
77 610
33 540
74 690
33 530
33 550
23 460
23 505
20 445
32 560
32 480
23 480
23 500
37 565
32 470
46 565
29 540
32 560
48 565
41 560
34 555
53 555
23 515
43 550
45 580
29 510
26 525
20 450
29 510
100 610
42 560
59 565
61 620
23 445
27 485
32 520
75 660
49 520
35 520
34 545
41 535
37 500
52 525
48 545
21 445
54 575
24 530
63 580
25 435
55 550
56 580
49 630
49 515
50 510
37 515
33 500
19 415
44 510
47 520
54 540
49 510
57 570
26 440
45 495
56 550
45 520
49 470
26 495
69 550
51 535
49 515
49 490
50 530
70 515
48 490
41 490
32 475
46 550
56 480
35 460
57 545
60 620
22 560
51 530
36 500
102 700
28 525
66 690
47 620
46 615
38 580
32 545
42 600
34 525
32 525
30 565
21 500
24 520
29 470
23 540
39 615
50 625
25 505
44 540
20 490
21 500
30 530
23 500
34 540
28 565
43 570
25 480
43 580
23 565
29 565
26 520
33 600
15 440
39 590
50 660
39 590
15 420
41 700
78 700
34 600
45 620
25 570
31 610
34 590
15 440
46 610
34 580
38 650
27 520
46 680
45 640
33 585
27 515
18 420
31 540
31 610
31 530
36 490
36 550
47 560
24 550
36 525
26 490
33 515
25 480
58 530
35 540
25 655
33 530
39 600
56 630
31 565
23 490
29 435
26 515
36 555
28 490
30 500
25 445
19 425
41 570
30 505
32 555
33 515
94 655
30 515
39 590
19 445
15 475
33 530
26 500
32 550
33 575
36 560
36 505
35 490
25 430
53 585
26 450
28 430
26 480
16 395
26 455
20 420
27 500
32 560
78 680
19 360
30 490
81 635
44 570
35 470
27 450
20 450
39 515
25 425
38 595
30 550
34 570
35 530
45 560
81 615
30 455
35 525
95 715
67 655
25 475
50 610
31 500
24 420
71 590
32 545
28 450
58 580
46 580
28 490
26 480
25 515
22 435
37 560
19 495
63 715
46 455
21 475
99 660
32 540
65 575
35 555
26 565
40 555
27 515
32 520
36 515
32 510
25 530
21 530
25 490
22 400
23 520
66 635
24 535
25 460
33 490
28 450
56 555
29 570
30 510
35 565
32 520
35 550
18 450
34 590
94 610
49 565
46 575
31 520
87 620
35 515
22 475
74 555
48 515
44 540
60 545
58 560
28 450
33 465
34 520
23 450
34 480
52 570
52 600
51 555
61 580
23 480
54 595
81 600
43 605
59 570
45 500
90 605
56 555
53 510
48 535
55 555
38 560
30 490
33 450
30 465
30 460
27 485
60 585
54 540
51 510
26 470
51 570
49 515
50 525
46 515
59 565
68 575
23 480
38 520
30 555
48 585
116 710
21 455
36 550
23 485
22 480
28 520
25 415
44 550
34 520
26 480
78 600
34 520
67 555
44 510
47 590
63 530
55 600
39 445
66 530
29 475
43 505
56 660
22 405
26 465
60 555
32 615
57 500
33 520
34 535
36 530
20 395
37 540
26 510
36 555
25 555
34 620
59 630
30 520
26 540
18 460
29 505
26 540
90 620
26 570
20 470
29 575
36 605
24 460
51 650
18 410
35 500
34 570
37 555
18 430
21 435
35 500
27 480
45 570
28 530
26 530
25 495
33 515
42 590
32 530
59 610
44 540
53 600
32 605
22 475
33 560
24 505
28 475
27 480
51 620
49 605
34 500
25 490
22 495
30 490
20 455
20 460
21 450
25 505
45 545
34 550
34 505
34 570
37 580
33 500
25 495
33 530
34 525
21 430
32 550
54 610
26 470
57 600
34 500
57 565
20 410
37 520
34 545
47 560
34 470
43 525
34 530
33 515
50 555
85 635
32 480
45 535
39 535
52 570
25 595
24 455
62 630
27 515
27 520
53 650
25 480
36 570
18 475
70 640
51 610
26 535
36 555
31 535
23 470
16 455
23 450
28 500
33 590
21 485
31 540
37 545
15 460
33 560
34 610
19 425
35 560
83 810
33 530
37 540
50 600
21 490
34 490
48 670
35 520
27 490
36 545
20 450
44 535
45 585
27 430
109 590
23 510
51 585
34 535
34 550
96 695
34 455
46 585
47 550
32 530
34 610
28 555
33 550
16 470
46 630
20 485
32 535
23 485
24 550
38 580
59 580
27 510
21 520
21 490
37 580
58 640
52 640
27 520
22 495
24 460
54 590
34 520
20 435
29 530
35 575
46 500
46 665
23 470
52 550
25 480
24 530
50 610
40 565
34 585
41 565
49 605
27 440
34 545
34 585
19 460
48 530
31 495
32 510
31 530
36 470
20 480
49 470
73 620
46 500
54 515
74 570
51 545
55 520
52 515
40 465
24 470
21 450
34 600
36 600
34 580
22 520
22 500
40 580
31 475
24 475
35 540
47 580
34 630
41 570
23 480
53 600
21 460
74 670
42 560
32 500
83 580
46 570
46 580
41 650
49 620
27 430
21 510
58 650
43 590
19 390
54 600
16 460
22 480
39 520
44 620
45 560
36 515
85 665
50 570
84 620
33 480
36 520
33 485
23 545
47 595
35 485
52 585
49 595
37 480
109 650
42 600
49 665
49 590
18 345
28 450
56 640
32 435
49 575
32 530
44 560
30 480
43 525
24 485
40 560
50 560
97 580
96 640
55 515
53 570
23 475
34 520
29 445
22 455
44 555
56 570
71 565
98 705
27 470
52 580
47 485
36 510
50 550
25 481
22 485
51 605
57 605
40 575
58 585
50 620
59 575
54 580
34 530
55 540
44 545
39 540
35 510
42 580
50 590
56 705
51 590
38 575
32 545
50 555
60 640
51 530
24 460
102 705
58 530
19 450
41 525
52 575
26 515
52 570
60 595
44 555
53 630
36 525
35 590
89 585
88 550
53 590
89 580
67 630
26 480
28 560
22 550
43 610
45 620
22 500
36 580
52 580
65 650
35 560
43 520
28 530
59 650
16 430
22 520
22 490
23 470
32 565
47 570
36 500
48 610
78 620
82 670
35 520
32 505
35 485
47 580
85 595
57 660
32 530
31 495
37 515
72 615
51 580
47 510
44 530
21 430
49 580
36 560
30 520
30 480
20 520
30 490
28 430
96 580
15 420
57 580
20 460
77 635
31 540
32 495
23 440
35 520
22 385
34 530
25 480
46 505
20 380
33 490
30 495
23 455
33 495
21 395
32 495
47 540
18 390
17 260
27 520
29 535
23 500
53 630
34 500
23 460
33 520
76 580
28 540
58 610
32 555
26 490
22 500
55 645
48 560
55 560
32 515
49 565
32 550
29 480
37 530
35 520
80 605
33 560
22 445
24 460
32 545
43 555
52 575
23 480
17 365
23 440
34 550
35 610
26 510
23 510
25 475
65 670
49 575
32 545
25 455
16 390
51 565
24 465
40 570
34 505
34 565
59 575
33 555
26 595
24 480
18 445
33 480
24 500
30 560
35 545
38 525
33 540
52 620
32 515
20 440
46 580
25 500
36 540
52 590
51 625
26 520
22 500
28 560
20 425
27 455
27 570
20 470
20 480
27 510
34 530
34 590
25 570
34 530
34 550
28 530
36 630
20 420
36 525
32 535
33 560
39 540
37 530
26 555
78 620
21 490
32 525
22 530
34 460
19 525
30 600
46 625
18 490
50 645
16 420
48 640
22 500
50 620
41 620
71 660
25 515
42 630
19 530
71 610
35 540
58 625
18 480
25 545
21 470
24 495
42 580
24 520
53 560
24 580
50 590
31 475
25 505
22 495
44 575
32 555
91 600
58 495
67 570
65 530
57 545
84 640
28 445
45 490
50 585
61 730
47 590
43 590
44 595
51 580
56 605
48 545
38 480
47 600
38 545
45 560
50 510
20 450
56 645
102 605
44 515
59 565
44 530
46 500
52 570
24 500
58 570
34 530
50 545
27 550
33 480
27 535
76 625
59 580
25 425
53 580
21 450
18 435
50 570
50 595
22 435
17 435
22 435
21 440
50 595
57 515
61 545
55 530
22 435
24 420
31 505
47 710
22 470
79 555
17 490
23 450
52 565
50 680
92 585
22 460
22 480
50 570
32 550
46 550
25 405
59 580
49 555
27 490
21 455
54 550
26 470
20 420
43 540
22 470
15 350
29 595
22 450
46 560
21 480
36 540
33 515
22 490
32 535
53 630
42 540
50 625
22 490
19 430
87 615
37 565
26 520
26 500
32 520
36 500
42 580
85 730
57 570
46 540
25 450
41 530
52 590
86 660
45 580
31 550
60 600
32 520
34 575
27 405
30 565
32 540
77 700
18 420
21 515
34 550
28 510
20 445
37 540
27 540
80 750
34 530
36 565
58 640
25 500
36 530
30 525
33 530
22 480
33 530
36 580
19 440
28 500
46 610
28 510
23 480
37 600
53 640
21 475
23 470
50 555
34 560
31 560
25 455
26 555
19 460
33 490
26 470
29 530
25 495
24 530
35 600
24 475
12 375
17 465
19 500
26 605
34 535
30 530
33 540
49 620
27 510
19 450
37 515
17 470
42 615
22 500
33 570
33 550
26 520
25 490
33 530
33 540
27 530
23 450
36 450
35 560
33 505
36 580
15 430
28 480
71 600
25 495
50 600
34 550
26 530
34 610
26 500
25 540
22 470
33 560
26 450
35 550
21 575
36 580
23 520
33 585
47 575
18 430
27 510
19 395
27 510
18 470
24 505
27 470
53 640
36 525
30 505
62 610
36 540
27 510
17 490
23 520
38 550
36 560
23 300
27 450
30 520
27 495
25 500
24 495
22 485
35 590
20 430
39 595
15 325
23 435
29 480
22 430
21 425
21 450
34 540
22 390
23 465
78 635
34 560
20 480
58 625
20 460
36 550
36 510
35 520
47 560
15 440
33 490
22 430
23 470
47 580
49 600
29 500
36 565
52 540
38 550
20 420
53 550
30 515
26 540
27 490
34 535
34 480
47 570
25 480
25 420
19 470
47 565
18 370
36 550
30 500
32 575
25 510
21 500
21 440
20 435
26 510
21 460
88 785
21 430
26 430
20 425
17 390
37 570
35 530
26 500
24 450
50 585
44 590
25 500
49 650
34 560
21 480
53 630
33 550
17 440
37 540
33 520
35 580
26 520
34 530
31 500
35 495
13 290
47 695
36 510
37 520
21 500
39 580
21 540
36 535
35 600
23 485
20 540
89 670
29 510
35 575
19 480
24 495
25 515
104 720
18 530
49 560
34 560
48 600
29 460
22 510
60 580
22 480
49 530
50 570
59 565
48 540
50 530
51 565
16 420
54 540
54 560
21 470
44 580
55 590
52 560
31 510
42 570
30 550
37 600
53 570
33 580
21 470
28 520
47 615
50 670
55 650
55 595
48 580
68 620
29 570
47 565
17 440
49 595
45 590
20 500
24 530
20 440
18 370
18 435
19 420
18 460
23 480
20 470
18 370
17 360
30 550
85 660
22 475
49 630
44 590
20 510
51 650
22 510
44 560
35 600
32 590
20 470
46 590
33 585
20 515
25 545
20 490
40 650
36 580
31 565
27 555
82 680
49 690
53 680
18 525
64 640
39 640
35 615
95 680
42 665
36 590
41 610
31 585
16 460
26 540
32 570
16 465
19 460
16 480
17 455
86 660
52 600
48 605
52 585
48 570
18 400
46 565
44 575
45 630
36 550
37 520
49 565
59 530
33 480
23 460
32 530
50 570
59 730
30 540
42 540
21 480
21 490
48 590
38 540
60 610
35 540
21 450
50 600
46 560
26 515
32 560
36 590
37 575
27 500
23 460
27 555
77 630
37 560
21 445
41 580
32 525
35 550
32 540
36 560
51 540
18 415
34 515
37 515
35 540
68 700
39 575
36 560
39 535
104 790
35 580
35 595
19 420
40 565
35 540
50 615
45 560
28 480
51 560
34 530
70 615
23 465
37 525
28 530
27 510
35 500
46 565
52 520
21 470
27 490
29 510
50 585
49 560
46 545
35 590
28 500
44 560
47 640
58 610
53 550
47 640
47 550
27 520
85 620
33 550
47 575
36 530
36 540
48 550
17 460
51 600
35 520
75 640
102 640
34 520
43 560
17 430
46 610
32 560
47 680
27 540
44 630
54 700
50 590
46 620
37 580
54 650
41 650
33 530
33 630
50 570
28 560
34 560
17 440
51 650
34 550
29 510
38 580
85 655
46 550
60 600
17 460
44 615
73 630
70 640
37 550
35 580
73 640
21 430
46 600
39 535
41 590
93 630
52 590
45 580
27 530
36 580
28 580
35 580
42 610
53 690
28 530
86 620
35 600
33 550
61 715
17 480
37 560
26 550
36 530
53 590
34 560
79 630
55 580
50 550
17 500
46 630
60 660
34 500
16 490
19 490
46 610
41 620
36 580
34 610
82 730
52 640
32 610
47 610
47 560
54 620
36 610
37 590
37 620
38 550
20 460
36 610
18 540
65 600
28 520
90 700
31 570
51 650
31 540
42 590
40 590
30 520
26 550
29 510
48 570
46 600
34 580
55 660
30 640
18 480
56 630
97 690
37 620
47 610
44 630
25 520
52 670
35 580
19 450
47 600
20 530
103 690
37 570
33 520
41 530
53 570
39 580
48 560
35 570
48 600
92 650
31 510
88 600
50 650
49 570
29 510
48 570
48 620
35 570
47 600
49 600
23 500
96 610
42 540
80 670
58 630
18 430
81 670
35 530
30 500
30 560
43 610
36 500
52 620
36 540
49 540
48 610
44 620
36 590
18 480
17 480
80 620
43 610
35 530
55 570
43 580
44 570
22 530
35 510
62 640
105 640
20 460
44 540
46 680
37 580
36 600
36 590
53 610
34 590
36 580
50 630
38 590
43 500
22 490
36 590
44 570
35 590
39 600
36 550
39 600
52 580
18 470
18 450
58 630
80 800
20 480
29 630
30 530
35 620
22 520
79 690
100 680
31 570
24 510
16 435
25 500
38 600
31 550
88 710
35 620
23 530
45 620
40 560
49 675
50 595
34 520
38 620
51 575
29 545
38 590
56 680
51 630
39 560
53 560
32 560
22 550
47 650
39 600
39 590
56 620
35 560
79 700
23 530
47 600
35 600
56 660
40 550
16 470
81 670
32 550
18 460
44 620
20 400
50 620
20 420
49 620
18 440
27 540
22 490
57 610
54 650
26 490
26 480
22 500
40 550
54 640
48 610
26 530
20 490
49 670
59 650
48 610
85 610
25 510
41 560
23 510
41 600
74 680
33 500
58 550
47 530
47 540
45 560
31 490
26 500
59 540
49 530
98 580
26 530
54 550
62 570
20 400
53 590
77 600
23 440
35 510
61 570
49 560
23 400
25 490
33 500
14 380
45 580
40 590
40 600
84 620
39 510
28 500
28 580
29 500
25 530
29 520
28 530
35 530
22 510
28 510
36 520
31 520
57 620
80 630
28 530
40 550
23 530
62 660
46 550
21 500
89 630
37 550
43 570
40 590
21 470
34 570
52 630
25 470
51 650
33 550
49 610
40 590
32 510
54 660
24 490
51 550
31 540
24 520
60 550
25 460
27 510
54 550
38 590
21 460
26 490
53 560
26 510
40 560
52 620
25 490
89 650
60 640
18 430
51 570
22 520
24 490
40 530
20 530
22 540
47 570
24 480
48 590
51 580
27 480
22 570
32 480
27 480
32 550
16 430
28 530
22 450
18 370
35 570
28 430
26 390
35 530
36 520
36 540
24 490
21 460
20 470
22 540
22 480
22 460
22 510
51 560
26 530
54 560
24 510
50 590
24 480
48 580
16 470
87 610
50 590
23 510
21 490
37 580
36 520
25 550
22 480
45 600
88 640
16 470
77 610
47 590
39 570
83 670
50 610
38 590
17 450
16 440
47 570
51 580
24 540
39 560
105 710
35 600
84 680
18 470
95 670
46 700
60 670
58 710
32 620
27 590
31 630
73 690
80 730
26 550
37 630
35 580
43 670
37 630
97 650
52 700
36 640
19 510
39 590
48 730
45 640
70 750
37 620
37 610
35 560
36 630
68 660
95 730
37 590
83 660
18 500
48 630
39 620
18 480
52 710
54 680
28 590
103 700
28 530
55 620
32 530
48 650
41 630
50 660
52 620
65 630
27 570
51 630
43 610
22 480
51 640
84 740
19 540
38 610
40 630
41 640
22 540
92 720
44 620
25 510
43 670
42 500
39 550
27 530
38 650
17 510
32 500
77 630
33 600
47 670
37 620
34 620
52 580
46 590
35 570
32 640
41 590
52 630
36 610
17 500
25 550
30 510
18 450
34 560
23 480
38 500
42 620
36 630
34 560
24 450
18 540
88 770
39 620
45 550
55 630
21 490
31 590
42 660
47 600
33 560
64 660
45 600
18 430
81 630
38 570
48 590
21 440
39 550
35 570
55 620
52 600
31 570
34 550
26 510
35 570
23 480
42 610
54 660
46 610
46 580
19 500
34 610
50 610
48 610
26 520
44 630
49 620
38 640
34 580
32 510
93 760
41 570
42 610
72 710
51 630
33 580
34 570
26 530
27 550
36 540
29 600
32 610
56 650
36 550
43 590
52 710
55 670
22 510
40 630
35 630
47 590
17 470
64 690
28 600
19 470
39 540
26 480
47 570
37 550
18 470
32 530
49 560
36 530
64 670
36 690
21 550
47 580
19 480
36 620
28 630
24 480
30 590
50 470
43 670
53 610
25 540
51 580
23 510
40 590
23 560
32 500
42 550
47 600
60 650
45 570
54 620
41 540
44 550
68 660
111 630
53 620
56 640
52 570
58 650
36 530
37 600
55 600
28 500
52 690
38 590
61 640
45 639
38 600
61 600
43 590
60 590
42 590
32 540
62 690
45 620
50 540
25 510
45 550
26 510
28 530
57 650
53 570
52 590
70 670
64 600
24 500
39 510
45 590
47 520
27 610
52 630
31 580
31 500
38 620
28 520
103 710
60 630
50 600
47 560
26 520
70 580
29 520
63 680
36 580
39 570
41 590
26 510
56 560
27 530
35 560
51 580
59 610
25 510
45 570
26 530
80 600
56 620
20 500
49 620
64 690
54 580
23 510
40 520
28 580
39 600
54 600
56 560
54 590
54 660
26 490
28 560
23 530
60 570
59 570
67 600
28 530
42 540
30 500
31 620
28 540
31 490
34 480
55 640
31 570
17 430
51 550
62 630
43 520
29 520
37 530
27 480
56 620
26 500
42 540
50 570
56 560
42 570
37 570
32 580
39 570
54 610
95 780
40 620
38 620
61 710
58 660
54 640
57 650
96 760
24 550
36 580
28 590
49 620
56 640
107 740
49 680
101 700
55 640
23 600
41 610
40 610
51 640
54 640
83 720
38 580
21 500
46 660
20 480
31 590
24 530
46 650
47 620
23 530
52 630
52 620
33 620
33 530
48 630
49 660
53 650
53 650
21 490
51 630
38 610
21 500
44 620
67 690
48 580
55 650
40 600
42 560
44 630
46 610
48 630
36 560
22 540
53 620
60 600
24 600
40 530
52 550
31 510
40 540
53 600
53 610
36 570
66 680
51 580
63 620
48 600
42 590
35 610
42 560
35 660
46 600
36 630
29 490
46 560
45 590
40 650
21 520
42 570
38 560
47 640
48 580
55 630
48 600
49 600
31 500
48 600
29 550
50 660
49 610
34 560
52 650
29 590
28 560
61 630
41 560
48 580
44 690
43 570
50 630
39 540
22 470
47 570
39 580
56 580
36 580
50 620
36 610
42 590
39 570
30 600
52 620
38 560
48 610
46 630
21 490
34 570
48 570
21 500
33 590
50 600
52 630
30 540
21 460
26 550
33 510
48 580
48 610
46 550
22 470
35 510
50 720
62 680
39 600
43 630
44 640
21 510
43 570
40 590
63 750
45 610
87 770
32 550
47 640
32 400
28 560
48 610
41 630
39 540
22 510
43 590
43 640
78 690
42 600
48 630
33 640
50 640
38 560
59 660
38 630
38 680
53 630
52 660
49 620
66 680
32 580
34 570
37 560
19 390
37 680
31 550
45 580
40 610
56 620
33 620
63 580
38 570
27 620
47 670
37 600
88 670
26 510
26 480
23 630
44 600
46 510
45 600
48 640
41 600
50 600
21 500
21 530
21 590
21 590
62 660
40 670
22 450
40 560
66 640
21 460
36 620
30 570
42 580
69 660
52 640
22 460
52 670
20 500
38 590
43 570
36 560
22 540
22 450
45 680
22 460
23 480
54 580
34 490
46 580
38 540
67 650
45 580
67 640
55 610
42 540
32 550
49 640
31 540
43 600
48 630
23 450
60 670
43 680
40 640
41 560
71 680
41 600
23 530
39 670
40 570
23 550
22 490
26 590
56 620
40 650
46 600
42 640
35 570
49 600
53 660
43 570
24 510
22 500
42 610
60 560
42 640
39 590
45 560
44 560
25 500
40 480
39 540
50 570
23 490
36 490
58 600
35 540
61 620
40 560
50 590
39 590
28 490
36 570
39 630
28 560
45 610
22 490
45 600
33 540
54 600
27 520
22 560
41 640
23 500
23 430
64 570
66 680
76 660
35 500
53 700
57 640
50 650
22 560
31 480
84 670
41 620
53 620
54 640
60 650
64 690
26 560
24 530
87 680
25 490
44 620
28 470
42 620
30 550
32 470
49 640
30 500
20 440
34 510
33 510
30 490
56 590
30 520
37 490
67 640
31 520
40 530
58 550
62 620
50 530
50 560
19 470
41 520
25 480
54 530
44 520
28 480
23 460
53 550
85 630
28 530
23 480
50 650
43 550
54 600
18 440
64 600
24 510
53 720
33 580
25 570
54 600
55 620
31 630
22 530
22 510
48 600
59 680
42 650
25 600
24 520
22 530
29 600
49 630
59 690
31 570
50 630
35 580
28 520
37 600
24 540
41 620
33 600
47 690
37 600
63 720
20 530
24 570
31 580
26 570
18 490
42 620
43 680
34 600
22 440
24 480
48 650
41 650
47 670
32 560
22 520
39 630
55 670
42 610
101 780
39 640
41 590
22 470
59 680
35 630
32 560
31 590
25 530
42 620
24 460
21 540
51 700
17 480
23 510
27 500
20 510
29 520
40 610
94 630
51 670
28 550
34 500
28 470
26 540
23 480
29 490
30 510
26 510
46 540
31 510
21 500
23 490
46 570
47 560
50 590
26 460
53 550
23 520
26 470
59 630
41 510
33 560
34 540
46 540
56 540
53 520
22 540
40 490
82 580
30 570
71 630
32 600
51 640
50 660
39 630
41 620
52 620
42 610
29 530
92 640
30 560
49 610
42 560
45 540
53 710
25 550
22 540
26 470
23 540
40 640
22 530
32 520
25 550
22 540
23 510
23 540
35 650
24 530
34 600
23 540
23 510
22 530
24 540
50 680
44 640
54 660
41 650
32 590
40 590
34 650
22 510
49 660
40 650
55 680
50 720
23 470
34 620
42 630
50 670
45 640
40 620
39 580
43 610
41 600
32 570
54 610
48 650
59 660
55 640
53 610
41 600
60 680
38 640
104 710
33 580
54 730
23 510
54 710
41 560
51 590
52 680
29 530
24 550
109 810
20 510
45 660
31 620
41 640
24 540
79 690
23 530
30 540
25 580
35 610
28 550
24 510
40 620
44 630
39 610
50 620
50 610
76 690
24 490
41 680
50 590
42 610
27 630
34 570
37 640
34 610
61 730
49 660
48 650
79 710
24 560
23 550
26 530
46 640
25 530
27 500
54 640
28 560
32 610
55 710
24 500
51 670
84 640
23 510
64 680
26 460
21 480
24 490
38 630
38 610
40 620
27 570
47 700
55 630
34 590
46 650
44 580
28 510
27 530
49 640
64 700
51 730
45 680
25 630
40 620
99 750
27 580
28 620
24 640
27 570
30 610
44 650
58 740
61 670
87 620
47 600
54 580
58 640
51 630
58 590
56 660
59 630
29 530
50 600
27 550
26 500
34 570
23 470
28 520
28 520
28 510
28 530
44 540
38 570
30 510
39 510
42 600
36 480
34 500
22 470
24 480
31 530
29 510
39 500
36 540
18 500
33 580
31 610
33 510
26 510
34 520
27 480
41 540
54 530
39 570
31 540
39 560
41 640
30 510
30 480
43 620
79 630
60 580
32 550
45 590
35 510
31 530
24 490
19 610
41 540
35 640
63 600
55 530
40 600
32 530
70 760
42 530
31 490
34 590
52 630
42 560
51 610
36 610
37 530
40 530
37 540
40 550
40 550
39 570
27 560
29 540
37 580
36 550
65 630
30 520
44 580
54 580
34 570
48 590
25 490
41 580
18 460
18 480
31 510
54 610
27 510
28 520
54 620
52 580
54 580
37 540
99 570
28 520
42 600
39 590
32 540
29 540
37 610
54 630
29 540
39 600
31 540
34 490
56 600
60 600
28 530
26 540
33 550
93 650
35 500
26 490
32 530
31 470
83 650
29 450
29 520
43 580
48 580
43 610
55 540
61 540
58 520
50 510
29 520
35 490
70 620
44 540
18 410
32 500
29 490
18 510
28 480
30 470
33 510
30 540
33 510
54 560
51 560
52 560
16 470
55 570
53 580
44 520
68 750
58 520
34 520
86 660
22 450
63 590
42 490
18 460
29 490
61 620
34 500
62 680
39 540
52 540
31 520
47 550
16 430
52 590
52 600
55 540
34 490
34 470
83 640
27 490
30 520
31 550
33 510
77 660
24 460
20 480
61 600
56 590
37 500
39 530
59 580
75 580
30 470
32 510
44 510
41 540
55 570
46 520
78 550
34 520
37 550
72 620
50 570
81 590
63 600
55 560
55 570
35 550
34 500
33 520
54 600
49 580
46 580
49 520
37 510
34 540
51 570
34 470
52 570
34 500
50 620
50 530
54 560
79 580
67 580
30 530
40 550
28 510
25 520
56 600
25 490
47 580
33 540
53 570
41 600
34 570
28 480
25 480
64 650
46 580
23 490
26 460
55 570
55 540
58 630
33 550
55 580
41 560
29 520
67 620
56 560
64 620
67 610
29 550
18 480
17 490
50 520
61 600
33 530
44 600
35 570
33 570
29 540
60 660
28 530
41 580
37 560
38 530
56 640
41 530
58 630
63 630
86 580
58 640
50 620
40 490
33 480
41 550
41 560
99 740
36 560
29 510
55 550
80 510
30 500
61 600
94 680
28 540
28 560
29 510
52 630
61 620
55 610
29 560
107 690
62 660
56 650
81 720
109 700
82 570
58 660
35 590
59 640
33 580
88 660
34 500
83 610
36 590
34 550
54 560
57 510
58 560
39 510
17 480
21 470
118 730
79 520
54 540
109 670
56 590
35 520
35 530
53 570
43 540
52 570
67 560
30 510
41 540
23 460
54 600
34 530
41 530
31 510
87 590
58 540
66 630
48 550
85 560
22 500
39 510
22 480
54 620
29 510
56 610
25 520
62 630
61 550
43 600
33 520
83 660
34 510
33 520
55 610
34 540
57 630
60 600
40 580
53 630
30 520
24 500
31 490
59 670
36 540
42 590
43 580
33 520
58 590
28 510
50 600
42 620
55 590
46 600
40 590
59 620
32 530
53 580
56 650
33 560
41 580
23 530
40 580
37 560
50 590
25 520
65 630
61 740
34 610
39 600
38 600
35 580
39 540
43 600
31 510
31 590
45 600
25 540
25 550
35 500
45 590
26 510
26 480
24 510
38 630
26 480
24 530
34 590
41 540
31 590
33 550
35 570
29 500
27 560
29 550
50 600
53 590
26 550
26 500
21 460
29 550
35 570
31 540
26 470
41 570
44 550
45 590
20 470
42 590
21 460
25 480
29 520
33 600
83 750
34 570
31 520
40 580
26 510
44 590
30 550
22 540
57 590
26 490
31 570
50 650
43 580
36 580
24 520
34 500
37 570
25 500
34 530
42 560
25 480
37 540
36 550
29 520
56 590
34 540
29 530
25 490
27 570
35 530
44 590
58 590
27 510
34 540
35 530
36 530
21 470
34 500
33 640
38 480
32 490
32 490
43 560
42 580
31 620
39 480
35 560
24 510
40 600
30 520
29 470
83 670
34 520
49 580
34 570
94 650
34 570
24 510
28 570
30 480
34 550
61 640
48 590
38 540
36 550
43 620
46 610
31 520
29 480
37 550
35 550
54 580
55 630
27 500
25 530
47 540
51 560
64 630
28 530
36 550
51 610
42 590
40 540
57 600
39 520
23 500
59 600
36 530
45 570
34 530
55 580
34 570
45 600
38 540
32 520
43 580
17 470
52 640
43 620
31 600
33 560
15 400
35 600
34 570
24 420
34 560
43 610
39 510
27 560
41 620
28 500
54 590
31 490
49 570
26 470
29 530
17 470
33 520
40 610
59 580
45 580
41 570
88 730
32 560
38 530
93 680
27 510
35 530
44 540
55 600
33 510
24 480
25 490
42 540
60 670
21 520
86 680
59 730
24 530
55 700
67 720
23 470
66 710
27 580
33 580
55 710
51 660
42 700
48 610
25 560
79 650
27 580
35 600
26 580
25 500
25 590
26 620
53 660
49 620
41 600
40 590
39 670
25 570
56 730
87 680
32 610
56 690
45 590
52 670
52 660
29 560
81 640
28 590
41 600
62 710
35 590
25 560
45 640
23 520
41 600
33 610
17 480
53 660
25 550
19 520
93 720
41 620
31 590
31 570
32 590
23 540
25 530
37 570
22 530
18 440
32 620
28 520
40 580
52 620
24 460
65 680
39 600
41 630
41 600
68 640
79 660
28 520
21 510
32 540
116 680
40 620
31 580
20 510
44 600
43 590
36 560
25 510
25 470
29 580
41 600
28 570
32 540
33 590
25 570
24 530
25 490
28 570
38 530
32 520
39 570
32 550
25 500
34 570
16 460
43 640
60 730
28 570
59 670
45 620
48 650
115 760
25 550
60 730
23 600
54 660
25 510
30 560
60 700
37 640
43 620
42 590
40 670
22 530
53 730
76 690
66 710
24 570
39 710
60 750
43 560
33 600
36 620
48 640
51 640
25 530
26 560
27 540
24 520
51 720
26 530
35 590
24 580
41 690
52 650
47 600
21 580
28 580
27 550
31 620
33 610
24 500
43 630
43 650
27 550
42 630
51 670
50 650
16 430
25 550
28 590
24 530
26 520
53 670
24 570
48 690
24 550
24 520
53 630
33 650
29 530
45 600
28 550
26 620
34 580
62 640
38 570
40 570
44 490
28 530
38 560
38 530
33 570
55 620
25 530
31 540
43 590
17 520
30 560
61 590
42 550
40 520
46 550
29 520
40 540
48 590
28 470
31 500
26 490
33 500
45 610
43 720
27 580
40 700
29 580
21 430
23 520
58 680
25 570
25 510
52 650
26 540
24 520
63 700
50 650
26 510
24 480
25 550
25 520
55 590
26 480
23 550
83 680
40 620
49 640
53 590
26 470
24 530
23 530
26 550
28 590
50 640
24 540
33 600
43 670
48 640
24 530
40 620
23 550
25 550
51 640
42 630
23 540
33 700
32 550
27 620
23 520
22 500
25 510
23 550
24 520
29 590
24 570
23 490
64 740
31 620
25 470
44 660
28 580
18 540
33 640
42 650
24 570
25 580
23 550
41 630
40 630
39 640
102 710
55 650
44 650
45 690
28 590
28 540
38 570
45 620
57 660
25 520
40 650
30 530
75 690
23 520
22 480
41 640
42 670
36 600
38 620
26 570
45 650
104 810
37 630
25 530
39 560
18 460
73 740
41 620
30 560
30 540
39 590
43 660
60 670
26 500
27 550
34 590
24 480
91 720
42 580
35 600
47 570
57 580
28 560
48 620
28 570
44 620
31 520
22 530
24 600
44 640
42 590
35 590
26 560
30 540
43 630
28 530
51 650
55 660
49 660
16 480
21 560
49 690
24 490
81 710
40 630
26 560
27 580
36 650
23 520
23 610
40 710
46 640
24 590
22 550
35 640
40 660
51 670
44 650
24 570
33 650
19 550
42 700
42 660
24 560
25 580
24 590
20 560
25 600
80 710
22 550
27 560
50 650
28 590
25 550
41 690
27 600
52 630
40 600
23 530
41 650
43 650
27 550
65 700
55 700
24 570
26 630
22 520
33 640
53 690
22 470
49 680
79 630
53 680
38 660
42 680
50 660
28 560
75 680
26 560
35 630
105 790
36 710
54 690
29 540
29 640
45 700
52 660
24 560
47 650
111 810
40 650
32 610
70 710
36 670
62 650
54 630
25 500
55 700
17 490
56 710
42 670
29 590
79 740
45 610
50 640
33 590
34 610
64 690
25 510
25 570
21 500
29 590
26 570
23 520
83 720
32 580
23 530
30 590
51 710
34 600
27 580
64 700
49 590
38 650
29 590
56 680
60 680
42 600
43 630
27 520
26 610
26 620
33 600
39 640
27 510
52 710
41 670
34 620
41 640
28 590
62 630
45 630
66 620
29 500
81 610
62 590
60 560
44 610
50 620
59 600
29 550
50 550
48 600
62 630
81 670
52 590
75 620
32 530
48 570
57 660
68 620
28 530
70 680
60 660
61 560
53 570
30 440
31 550
30 530
45 600
61 630
72 620
27 500
31 480
32 570
41 550
32 560
27 580
35 550
37 560
33 550
64 610
54 590
30 510
54 700
61 670
55 600
63 650
58 600
43 600
47 690
30 570
29 570
19 470
25 500
34 550
14 440
24 550
30 510
28 550
31 540
22 450
29 530
37 570
29 550
25 570
35 620
27 570
20 460
24 610
28 560
20 500
35 580
29 570
35 590
50 610
37 590
35 600
30 570
57 590
74 670
28 620
53 620
62 670
56 660
50 560
29 580
28 540
54 680
60 640
52 620
30 580
30 480
48 620
65 660
89 760
55 640
35 530
50 640
52 670
29 560
35 520
57 650
55 700
36 590
30 530
49 670
30 550
36 550
42 620
31 560
31 530
27 530
27 520
27 580
30 540
30 520
51 600
26 560
28 530
30 550
29 570
29 550
40 590
35 530
57 590
88 630
44 560
56 640
52 580
64 590
51 610
43 610
23 430
55 610
35 540
37 530
40 580
34 570
55 540
31 520
53 560
29 550
56 610
94 610
34 510
35 560
50 600
24 530
43 630
45 610
24 480
19 450
38 550
33 600
41 550
34 500
36 540
31 510
35 540
27 500
43 590
25 540
44 590
46 560
38 550
56 620
45 570
44 620
90 710
69 700
61 660
42 560
58 640
42 610
44 530
53 610
41 520
48 650
43 650
45 630
20 430
26 510
56 570
48 610
46 610
18 470
43 550
36 530
27 500
43 660
22 520
26 490
34 550
33 570
32 550
26 460
33 570
41 600
63 600
33 520
54 600
27 560
42 550
45 560
37 640
37 570
41 630
30 560
36 540
32 500
37 570
37 580
31 550
32 580
34 560
33 490
43 640
44 640
32 490
115 720
26 460
52 580
33 480
30 510
36 560
49 520
45 550
41 600
40 500
38 460
35 560
43 530
62 590
24 500
31 520
49 600
59 590
43 580
34 520
30 450
31 480
43 510
47 500
33 520
28 440
30 470
72 620
55 660
44 590
44 570
32 520
45 620
34 580
26 520
23 470
25 480
22 430
24 510
34 520
26 550
23 520
30 520
26 460
30 520
45 550
19 480
29 540
29 540
18 400
25 510
17 460
31 470
35 540
31 540
33 530
68 520
60 590
40 560
27 470
36 570
102 600
36 550
46 580
31 510
31 520
43 590
53 570
31 460
37 520
31 540
21 430
29 510
43 500
32 460
24 420
41 580
26 510
21 460
26 520
31 550
28 580
26 510
26 530
46 610
28 510
48 610
24 480
26 520
28 560
26 550
27 550
27 560
28 560
28 420
31 560
30 520
23 470
28 420
26 460
28 510
29 500
25 480
29 520
26 510
30 480
26 470
30 540
42 600
54 620
28 560
27 450
32 510
24 500
25 520
37 580
24 450
33 490
42 590
32 520
30 510
43 580
53 590
35 590
37 520
50 560
33 550
61 610
59 540
67 570
41 570
39 540
37 520
33 540
40 550
41 530
79 640
36 550
32 480
25 470
41 550
43 550
53 660
32 550
27 510
43 560
41 560
33 520
32 470
36 560
70 560
34 530
45 560
28 490
42 540
21 420
37 530
35 560
36 490
36 500
38 610
28 520
30 490
27 450
31 500
46 620
91 590
44 670
44 590
36 550
44 600
29 570
34 600
60 600
96 630
40 520
35 520
38 560
38 520
40 550
29 580
44 540
46 530
61 580
36 480
32 500
46 620
31 590
35 530
33 560
45 600
33 600
45 630
38 570
25 460
48 610
44 550
45 500
39 560
55 560
36 500
43 440
25 510
31 500
105 640
28 510
62 580
44 600
45 590
40 580
48 640
57 640
46 570
25 460
44 590
46 600
39 570
26 430
24 510
62 570
46 640
44 540
44 590
52 540
56 570
31 530
104 690
36 550
28 500
29 490
35 580
22 510
31 490
28 490
25 520
38 550
24 440
43 590
24 450
85 620
30 580
32 490
37 570
45 570
29 480
37 560
36 560
32 540
36 580
35 580
42 610
31 500
36 530
25 500
23 530
31 530
55 590
35 560
45 540
61 650
52 610
30 530
25 440
26 460
28 460
48 610
43 590
26 530
31 530
60 650
28 530
43 580
26 480
28 460
29 540
58 700
26 510
27 430
28 470
30 560
29 570
27 530
26 480
24 490
93 740
25 490
38 580
26 490
27 480
35 600
26 480
64 720
34 560
27 550
31 550
32 600
27 580
63 710
19 430
27 480
56 710
29 510
25 460
56 600
28 530
53 640
28 530
53 660
25 540
25 480
26 500
27 520
97 600
60 720
36 620
37 550
41 670
29 550
31 570
40 630
55 700
111 800
79 660
65 730
26 540
45 650
27 590
60 650
25 560
30 560
31 620
28 560
68 720
47 700
45 660
24 530
54 660
26 510
29 590
67 650
32 570
29 550
27 540
28 530
22 540
26 500
40 670
28 560
70 680
39 660
56 680
45 640
26 560
85 640
36 620
28 540
33 590
50 670
35 630
35 670
47 730
53 660
32 640
29 520
31 590
76 690
33 540
41 580
51 660
29 530
30 590
27 570
28 540
27 520
35 590
69 690
28 550
28 540
23 480
28 500
32 570
55 640
62 670
55 670
63 660
60 650
56 660
29 580
26 540
29 550
44 620
84 710
29 560
26 550
22 550
68 740
28 550
43 630
23 560
38 630
27 510
27 570
27 530
46 620
28 530
57 640
74 700
26 570
26 580
36 620
46 630
63 640
59 700
52 680
26 590
49 720
51 750
89 750
80 710
59 730
64 720
27 620
30 580
26 590
46 640
26 570
22 460
25 500
40 630
47 690
61 720
28 540
65 730
61 610
27 530
35 620
69 660
64 660
84 710
56 660
33 560
38 640
28 580
28 540
25 530
31 570
51 620
37 600
43 600
36 620
41 570
42 650
36 590
27 570
96 790
15 440
33 580
42 620
28 520
63 660
50 640
42 600
52 620
46 610
45 650
30 560
50 590
41 680
48 660
25 570
63 630
11 360
24 580
26 580
47 630
73 710
48 630
83 720
55 660
47 610
47 610
27 580
20 460
26 470
47 610
55 670
57 620
32 570
29 600
43 630
47 700
28 560
30 680
44 630
53 650
83 660
35 570
36 550
38 510
86 670
34 520
38 590
63 640
32 580
32 560
30 500
24 460
20 440
47 560
38 530
37 580
37 560
36 560
61 650
35 560
24 510
37 560
19 540
43 550
33 640
61 680
36 520
30 540
34 570
49 630
49 600
82 700
44 610
28 540
59 600
18 480
28 500
36 570
32 560
30 530
24 500
26 570
30 510
34 530
45 560
50 590
40 510
37 590
69 570
25 450
49 540
19 440
53 610
60 520
37 480
59 580
27 510
37 480
45 550
27 510
69 520
71 550
55 540
61 620
64 550
59 570
68 530
67 580
60 530
82 580
55 580
36 530
35 470
77 560
70 590
66 540
36 540
47 600
37 530
48 500
69 560
81 790
34 550
34 550
31 480
69 610
34 520
60 590
43 600
45 570
55 570
35 550
42 580
45 560
51 580
102 630
39 560
18 480
72 540
18 420
48 570
31 570
41 500
61 630
70 590
52 540
48 560
15 430
56 540
36 490
59 580
23 490
30 530
122 780
46 590
42 610
34 490
45 540
35 540
25 580
32 510
78 650
34 570
87 680
24 520
25 470
17 480
57 520
76 570
43 590
76 590
47 580
30 480
35 550
35 540
26 430
53 530
68 560
41 520
54 510
23 420
47 620
57 580
25 510
36 530
48 520
59 560
24 510
55 610
43 590
21 430
31 530
62 640
36 500
62 630
28 480
66 600
54 540
44 600
32 500
48 620
28 510
31 520
33 560
25 500
48 600
42 590
18 440
43 610
89 590
50 640
68 620
67 560
44 610
56 570
38 560
65 580
69 570
32 530
33 530
51 570
30 540
32 500
20 490
43 570
44 570
45 650
39 560
69 590
24 480
40 600
46 600
44 550
45 590
28 450
70 620
17 430
22 510
45 590
65 630
32 520
56 550
37 580
47 600
24 510
62 650
47 570
65 610
37 510
27 530
25 500
28 500
44 610
67 540
62 620
41 510
29 520
94 770
58 760
32 530
90 750
47 620
24 540
46 600
46 580
37 580
93 730
53 570
68 570
46 510
16 490
89 680
37 580
38 590
31 490
47 510
27 510
30 510
56 660
31 550
38 550
38 580
65 740
26 570
103 610
42 560
58 590
36 530
37 560
35 560
46 600
62 620
49 480
39 580
61 620
34 580
32 510
19 510
41 520
46 600
41 560
70 560
57 570
54 620
38 570
53 590
60 620
48 570
82 670
26 510
19 460
27 560
36 550
29 580
66 640
36 530
45 610
32 520
33 500
31 510
35 560
31 550
33 530
38 590
36 520
76 620
36 550
26 520
30 510
34 520
53 590
46 550
34 570
41 600
56 640
44 600
72 600
30 530
33 510
66 580
63 590
30 490
32 550
31 510
31 500
50 530
49 610
52 540
44 590
54 580
39 570
34 520
26 540
37 510
57 630
35 540
28 470
27 520
29 570
26 540
43 620
85 650
29 540
27 590
42 670
24 540
26 490
60 640
48 640
45 660
52 660
87 760
31 580
27 570
28 610
55 650
49 620
25 610
45 580
27 570
27 500
27 520
28 510
38 560
61 640
45 610
16 470
26 580
41 650
29 580
45 620
41 660
50 670
94 670
31 570
53 690
45 630
42 620
60 660
82 650
48 620
26 540
25 570
22 490
30 570
59 730
32 510
22 470
28 500
27 520
43 600
32 620
47 650
98 670
33 610
29 500
47 670
25 530
29 580
53 640
32 580
58 640
26 620
46 630
54 620
30 590
63 660
55 650
43 670
54 650
29 530
48 570
48 640
45 550
68 620
33 590
60 620
49 590
42 610
76 670
46 590
25 540
55 580
27 530
50 610
46 620
48 620
42 600
50 590
41 630
40 610
56 620
83 610
34 570
71 710
57 670
26 580
40 570
40 630
26 510
30 500
23 500
46 610
66 670
24 440
63 630
44 630
27 510
82 640
30 500
26 480
74 610
27 500
58 610
98 650
33 530
40 560
72 680
109 660
30 520
25 490
56 640
52 640
31 570
44 620
28 520
39 580
29 550
53 590
56 660
45 620
47 650
53 630
30 580
25 560
26 510
42 660
26 530
47 650
25 580
26 500
26 570
26 530
26 550
31 550
81 670
26 540
21 490
47 630
24 490
29 580
28 540
22 530
25 550
60 640
60 630
45 590
31 550
42 570
21 490
26 590
27 480
60 660
45 630
38 580
45 630
41 610
47 580
65 640
24 510
31 610
48 630
45 600
27 610
52 670
29 590
23 620
34 630
25 530
27 530
28 540
23 510
24 580
25 570
24 460
31 560
24 590
20 500
54 650
24 500
29 540
22 540
21 500
30 600
46 640
28 550
28 570
21 500
25 580
30 580
33 590
27 500
20 540
54 620
26 580
24 440
28 600
21 520
25 590
26 560
41 600
23 530
30 560
29 540
51 630
25 560
25 550
46 610
56 640
26 510
23 600
26 460
43 630
27 500
27 540
17 400
29 510
23 520
42 510
44 600
41 610
30 560
27 540
55 610
25 550
63 650
26 530
37 610
46 610
67 690
61 640
43 640
27 510
25 540
48 590
26 550
30 570
26 540
36 560
24 540
29 600
27 530
28 480
31 570
30 580
25 540
56 680
47 590
40 630
27 590
26 530
28 550
42 610
29 540
26 590
87 660
47 670
23 530
25 500
64 630
46 600
23 520
18 510
26 540
25 480
26 530
53 620
43 580
44 640
56 700
59 620
45 610
27 570
27 570
62 670
41 540
52 580
42 650
53 650
24 530
42 690
63 650
28 560
50 640
26 490
25 490
62 650
56 620
27 470
26 540
35 560
30 550
26 510
41 610
48 690
58 570
29 550
49 610
34 580
50 580
25 500
52 680
57 600
46 630
38 580
26 550
28 530
43 550
62 610
31 500
42 670
20 570
55 690
53 650
30 550
43 620
31 530
44 590
23 460
51 700
36 580
51 660
27 590
28 560
32 590
38 620
27 530
28 540
65 610
34 560
51 630
60 620
22 510
27 550
42 610
25 540
