# number of obs
11172
# age weight
73 5.27
68 5.08
60 4.68
22 2.18
22 1.79
19 1.19
25 2.58
15 1.19
22 1.59
22 1.79
38 1.28
36 2.3
31 2.58
32 3.09
32 3.18
26 2.38
38 1.98
35 2.89
51 5.9
56 6.97
41 3.69
72 5.58
38 3.29
53 5.7
33 3.37
71 5.19
77 5.7
62 4.68
12 0.99
28 2.18
62 4.2
91 5.78
86 4.99
73 4.39
21 2.3
20 2.18
30 4.2
67 5.5
46 3.29
57 3.57
32 2.78
65 5.9
39 3.88
28 1.79
29 2.38
51 2.98
34 2.3
26 2.49
37 3.57
62 4.59
36 3.88
29 3.57
28 2.49
31 2.38
33 2.78
31 1.79
24 2.1
38 3.88
38 4.79
37 3.69
45 4.08
82 4.28
34 3.18
42 3.57
24 1.9
63 6.78
81 4.68
40 3.37
61 4.88
62 4.59
82 8.79
60 4.88
60 4.99
69 4.88
56 4.48
34 3.18
12 1.47
31 2.49
68 3.57
69 5.78
43 3.18
35 2.98
30 1.79
60 3.09
41 3.09
43 3.29
71 7.68
29 3.18
17 1.9
18 1.67
18 1.9
58 4.48
44 3.57
33 3.37
35 3.49
70 4.68
63 4
55 5.07
32 3.49
34 3.8
29 3.8
33 3.49
30 3.49
41 3.88
37 4
35 3.8
50 4
34 4
55 4.28
74 4.68
70 4.39
95 6.69
80 9.38
81 4.08
35 3.57
40 3.88
59 4.08
31 3.18
34 4
56 4.79
69 6.97
71 6.18
28 3.29
33 2.69
42 4.08
21 2.18
31 2.98
11 1.39
47 3.37
36 3.8
35 4.08
38 4.08
39 5.27
34 3.37
39 4.2
18 2.3
36 4.9
66 7.7
52 5.8
18 1.7
26 3.5
30 2.2
39 5.6
15 1.3
29 3.1
55 4
51 3.9
50 5.2
19 1.76
18 2.52
35 2.69
14 1.28
31 1.5
17 1.64
28 1.59
32 2.24
33 2.61
33 3.57
45 2.98
43 3.52
50 4.25
69 3.4
50 4.73
71 3.66
62 3.57
42 3.12
43 2.89
50 3.18
34 2.81
48 3.2
58 3.52
65 3.06
66 2.98
23 1.47
39 2.61
30 2.52
50 1.9
42 2.44
48 3.18
85 3.83
40 2.61
28 3.97
90 4.54
76 4.93
40 3.35
27 3.18
73 4.03
48 3.15
46 4.56
47 4.08
32 2.95
28 3.18
32 2.15
46 3.2
72 3.35
38 1.98
17 1.79
40 3.23
64 4.65
74 6.89
18 2.07
27 3.18
28 3.2
31 3.12
62 6.15
42 4.22
18 2.81
27 3.29
33 3.32
55 4.31
28 3.97
39 3.12
35 3.71
22 2.13
41 3.01
21 1.96
40 2.47
51 3.86
55 3.35
25 2.52
33 3.01
26 1.67
34 3.32
31 3.91
25 2.27
41 5.39
14 0.99
26 2.18
21 1.76
39 4.93
17 1.84
27 2.64
95 4.17
90 5.24
41 4.37
15 1.25
23 2.27
72 5.27
75 5.5
45 4.22
26 2.24
21 1.96
65 5.19
77 6.15
53 4.22
86 6.1
38 4
47 4.31
28 1.96
24 2.83
36 4.17
91 5.98
45 4.2
34 2.13
39 3.35
89 5.02
57 4.31
59 4.17
44 4.2
40 2.95
25 2.01
33 3.15
46 3.83
64 4.85
51 3.52
39 4.37
37 4.31
38 3.69
41 3.63
20 1.45
70 7.57
32 3.23
55 4.31
44 2.81
66 4.42
22 2.13
34 3.03
34 3.69
47 4.03
66 4.68
37 3.66
40 1.98
37 3.18
38 3.18
53 4.99
35 3.97
23 2.61
23 2.66
61 3.12
21 1.93
39 2.69
23 2.18
39 3.15
68 6.61
86 4.05
41 2.86
64 4.37
34 2.13
57 4.73
67 5.27
75 5.87
21 2.1
84 7.12
35 3.52
62 4.54
51 4.22
63 7.68
35 4.03
65 6.41
20 1.9
20 1.5
45 3.69
78 5.67
98 5.41
40 3.86
63 3.69
46 3.8
66 5.73
28 2.83
28 3.37
45 4.71
59 4.93
37 3.23
86 5.22
72 5.56
42 3.18
65 4.2
92 4.85
74 4.56
76 4.37
23 2.13
17 1.84
15 3.52
96 8.16
42 4.03
67 5.95
63 5.58
49 3.83
64 4.48
78 6.38
51 4.93
31 4.05
70 4.51
29 2.69
33 5.05
31 3.35
57 6.29
67 6.55
65 5.19
58 6.44
46 5.76
39 4.82
14 1.39
21 1.79
23 2.47
55 6.55
71 5.16
36 5.07
19 1.3
24 1.96
34 3.03
23 2.27
70 5.76
86 7.43
37 5.22
36 4.39
35 4.56
15 1.11
27 2.95
37 2.95
23 2.3
32 2.27
24 3.06
29 4.34
43 3.86
26 1.45
34 4.17
20 2.13
52 3.69
22 1.45
21 1.76
31 2.75
46 3.66
26 2.07
22 1.67
20 1.64
20 3.52
37 2.3
22 2.27
22 1.9
24 2.24
36 3.74
35 2.81
83 4.39
33 2.47
30 2.69
66 5.73
23 2.15
23 1.73
20 1.9
20 1.59
24 1.9
24 2.13
23 2.69
23 1.81
61 4.48
29 3.57
70 5.19
67 4.34
46 3.66
28 3.29
58 7.06
38 4.03
31 4.65
31 4.05
71 6.92
41 4.48
16 2.47
41 4.14
61 5.1
87 7.97
33 4.03
79 5.61
29 2.3
64 5.33
61 5.61
15 0.88
41 2.92
33 2.98
23 1.62
77 5.16
56 4.45
63 5.02
37 2.58
69 5.19
10 0.62
19 2.07
44 6.41
61 6.78
42 4.79
70 7.91
101 10.43
70 7.43
47 5.56
45 4.68
39 4.62
76 7.29
90 5.1
54 4.73
65 3.88
26 3.86
36 4.54
49 2.41
21 1.7
28 1.84
49 4.45
50 6.15
36 1.96
32 2.1
43 2.89
40 3.09
24 2.41
72 4.45
38 2.27
50 3.97
46 2.75
39 2.44
31 1.93
19 0.96
61 7.2
54 3.54
57 1.67
52 5.1
50 4.11
80 4.45
43 4.37
43 4.22
39 4.14
30 2.1
43 2.18
32 2.49
40 2.98
39 2.58
41 2.83
45 3.97
45 4.45
46 4.71
43 3.37
46 4.71
41 4.54
98 5.73
62 4.51
57 5.1
47 5.24
46 3.49
39 4.03
72 4.28
42 3.4
38 4.14
58 3.32
64 5.58
61 4.42
48 4.54
48 5.84
44 4.14
39 3.37
68 3.8
36 3.06
55 4.28
50 4.59
47 4.11
47 5.16
33 2.64
21 2.15
36 2.66
41 4.59
38 4.62
46 4.28
36 3.2
45 3.37
47 4.93
80 4.99
40 5.1
42 4.9
39 3.06
49 3.4
57 3.54
44 3.71
42 3.66
65 5.58
41 5.24
44 3.23
55 4.42
43 2.58
36 2.32
35 2.24
33 2.49
39 2.66
31 1.87
33 1.62
42 2.83
59 5.67
63 3.86
23 2.44
22 1.62
23 1.76
23 1.28
16 1.53
22 1.7
25 1.93
23 2.27
21 2.1
22 2.27
25 2.81
23 1.7
14 1.62
22 1.76
24 1.93
22 4.34
40 4.2
23 1.5
23 1.62
23 2.44
23 1.39
21 1.45
22 2.58
34 1.96
17 1.45
67 4.54
42 3.54
70 3.8
23 1.76
85 5.98
31 2.98
43 3.2
24 2.27
40 3.23
81 3.97
57 3.88
34 2.58
39 3.32
40 4.03
36 3.71
36 4.59
56 3.8
60 3.37
38 3.54
40 3.46
42 3.32
35 3.06
86 3.57
23 1.05
42 3.4
40 4.99
38 4.03
34 3.46
66 4.59
41 5.33
45 3.66
25 1.93
31 2.32
43 5.56
64 3.4
39 4.14
33 3.2
35 3.63
36 4.54
35 4.2
35 3.09
34 3.23
43 5.98
35 5.07
47 5.73
35 4.11
34 3.94
46 4.03
22 2.32
34 4.62
43 3.54
30 2.58
31 3.15
33 4.85
34 3.46
34 2.35
81 5.56
27 2.27
27 2.83
37 3.32
32 3.86
30 2.32
37 2.41
39 3.15
24 2.44
35 3.71
31 2.01
41 3.49
34 3.37
48 4.14
41 3.97
50 4.51
65 4.85
80 5.33
64 4.62
57 4.62
42 3.97
62 4.85
48 4.54
50 4.76
38 4.45
47 5.19
23 1.39
33 4.05
20 2.32
23 2.35
31 3.71
18 2.35
30 3.32
24 1.59
32 3.54
29 2.64
24 2.32
20 1.76
21 2.44
21 2.64
21 2.01
22 2.07
21 1.5
53 6.78
21 1.93
24 1.76
23 1.7
27 1.13
44 4.76
47 4.93
66 4.28
48 4.68
46 5.67
89 8.56
45 3.71
69 4.28
36 3.97
82 8.99
64 5.64
34 3.63
63 6.32
59 3.94
28 2.89
23 1.93
35 3.06
45 4.22
43 4.03
35 3.37
40 3.66
17 1.11
66 4.71
35 2.75
40 4.59
24 1.87
35 3.97
40 2.83
88 3.57
75 4.2
42 2.49
35 1.84
41 4.45
31 2.58
23 1.93
37 2.83
68 5.19
30 2.58
36 2.49
34 2.58
24 1.87
23 1.96
31 2.58
47 3.97
40 3.06
24 1.93
33 2.44
61 4.37
32 2.47
35 3.01
35 2.01
35 3.09
39 4.79
39 4.14
75 4.68
40 3.23
34 2.35
32 2.89
91 4.14
30 2.35
25 2.24
84 5.19
28 3.29
31 2.15
25 2.15
28 2.72
25 2.89
40 4.59
39 4.62
100 7.54
99 6.86
23 2.01
27 3.57
39 3.94
29 2.72
38 3.77
24 3.01
81 9.95
50 4.2
23 1.87
80 8.39
21 2.07
62 4.71
62 4.28
45 4.62
60 7.68
75 6.41
24 3.94
54 5.1
25 2.24
22 2.49
39 3.54
24 2.01
24 2.07
16 1.36
26 2.27
27 2.52
24 2.24
34 2.44
37 2.24
24 1.84
74 5.1
24 2.75
40 4.62
23 1.79
23 2.18
35 4.37
63 7.43
22 3.32
46 3.29
53 6.72
41 3.54
33 2.81
23 1.93
44 3.86
26 2.75
51 4.85
27 2.75
18 1.79
90 5.41
80 8.33
51 5.02
55 3.97
35 3.4
35 3.06
40 3.71
29 2.64
23 2.24
29 2.18
22 1.84
39 3.97
26 2.35
27 2.64
72 5.07
41 3.15
35 3.15
76 5.73
32 2.58
25 2.18
34 4.05
30 2.83
57 4.59
21 2.32
31 3.32
31 2.41
31 2.83
50 4.62
45 4.76
29 2.98
26 1.93
53 5.73
27 2.01
27 2.35
42 3.54
16 1.93
35 3.09
31 2.83
24 2.07
30 2.58
37 4.11
21 1.76
68 5.58
65 4.45
48 4.68
23 2.27
67 6.97
41 3.71
39 3.94
64 4.03
29 2.15
46 4.62
28 1.93
28 0.71
32 1.84
43 3.06
45 4.37
43 4.59
28 2.1
31 2.49
48 3.88
38 2.32
29 2.49
32 2.27
46 3.86
36 2.49
75 10.86
60 3.54
44 3.49
50 3.71
49 4.2
12 0.74
16 1.39
17 0.65
49 3.49
38 3.32
34 4.2
22 3.23
27 3.49
22 1.39
28 3.8
31 3.4
35 3.54
24 4.28
36 5.02
47 5.73
43 4.79
29 3.4
37 2.64
23 2.1
26 2.75
74 4.62
68 4.37
49 4.59
39 3.97
82 5.24
75 3.94
43 3.4
51 3.71
70 5.98
90 6.72
36 3.32
51 3.29
21 1.39
41 2.41
21 1.19
33 2.18
11 1.11
28 2.41
33 2.92
64 4.45
61 4.51
45 3.63
95 5.5
66 5.07
40 3.2
37 3.8
50 3.2
53 4.22
31 3.06
40 2.32
22 1.11
30 1.36
38 1.62
29 2.98
71 2.98
29 1.76
48 2.24
63 3.29
75 3.37
32 3.15
41 2.75
34 1.87
36 2.64
36 1.39
32 2.66
57 5.36
68 4.34
80 5.1
103 2.18
46 3.71
48 5.36
54 6.86
58 9.04
70 4.93
67 6.72
59 4.14
46 4.68
35 2.83
18 1.11
50 1.7
27 2.18
67 4.59
97 5.1
39 3.4
80 5.5
46 3.94
58 4.68
49 4.59
56 4.62
47 3.97
66 6.38
26 3.71
33 3.4
77 4.62
25 1.84
24 2.52
23 1.93
40 3.94
24 2.41
70 4.99
23 2.35
42 4.05
47 3.46
59 6.04
32 3.29
36 3.06
23 3.23
104 4.59
43 3.37
32 2.72
67 4.68
35 3.71
37 4.22
36 3.97
63 5.1
86 5.36
38 3.23
38 3.32
66 3.71
29 3.06
47 4.54
26 2.44
50 4.05
78 4.85
23 1.84
42 3.06
85 4.14
24 2.18
76 3.97
50 4.68
45 2.35
32 2.66
97 5.27
81 4.59
40 3.49
69 4.45
20 4.51
41 2.27
25 1.45
30 2.75
52 3.86
24 2.81
24 2.1
88 6.07
47 5.27
78 9.16
26 3.2
76 10.29
16 1.59
79 6.86
25 3.29
40 3.29
37 5.1
21 2.83
63 5.41
23 2.49
62 7.82
46 4.37
69 10.21
30 2.92
24 1.62
63 5.19
65 6.69
38 3.46
48 4.59
39 3.88
95 6.46
52 5.58
70 5.98
43 4.37
75 7.37
27 2.83
87 6.95
77 5.98
88 6.32
40 4.45
66 5.1
33 3.2
69 4.85
45 4.2
39 4.37
75 7.82
86 8.5
24 3.86
35 3.54
40 5.84
68 7.91
27 3.06
29 2.58
27 4.14
18 1.79
36 4.76
63 7.68
33 4.11
25 3.54
36 4.05
38 4.34
99 6.46
25 2.18
41 5.67
86 5.1
38 6.41
26 5.07
90 6.72
41 3.77
34 3.2
68 5.56
36 2.58
31 1.93
67 4.42
39 3.86
75 5.73
24 2.24
37 4.59
42 4.54
77 2.83
32 4.62
77 4.76
42 3.71
82 5.67
58 4.28
25 1.87
83 7.03
23 1.62
77 5.76
34 3.37
28 1.93
25 2.24
26 2.27
24 2.49
25 3.32
41 3.71
25 2.01
60 4.37
53 5.07
23 1.93
84 4.34
78 5.19
24 1.84
25 2.83
38 3.15
31 3.49
96 9.3
23 2.41
31 2.75
24 2.18
68 6.07
37 3.97
40 4.05
42 4.34
37 3.71
32 3.57
38 3.01
60 5.67
37 3.71
41 4.59
25 1.87
30 2.81
27 2.81
29 1.84
24 2.49
25 3.4
46 3.4
29 3.06
45 5.27
27 1.87
29 1.59
68 6.49
27 2.27
33 3.15
41 4.45
26 2.41
97 6.78
38 4.28
25 2.44
34 3.29
27 3.06
44 3.46
65 4.85
27 2.72
36 3.23
39 3.71
26 2.92
34 3.71
36 3.8
88 6.55
41 3.71
42 4.68
34 2.81
27 2.58
48 4.2
26 2.15
38 4.42
18 1.53
27 2.49
24 2.72
39 3.86
27 3.29
22 2.58
42 5.41
35 3.88
19 2.18
25 2.27
75 5.5
27 2.89
32 2.66
85 5.98
84 4.71
22 2.64
23 2.18
50 4.45
28 2.24
36 2.41
37 3.23
38 3.23
50 4.28
28 2.1
40 3.23
45 4.2
46 3.63
42 4.59
80 6.61
30 2.66
30 1.62
12 0.71
22 1.76
28 2.32
69 4.59
23 2.49
70 4.99
52 3.71
56 2.83
13 0.71
38 4.45
18 1.11
37 2.58
36 2.66
46 3.94
35 3.49
45 3.94
23 3.06
27 2.83
39 3.71
79 4.51
38 3.49
25 2.24
27 2.18
36 3.4
67 5.5
70 5.36
25 2.32
70 5.47
36 2.41
44 2.75
45 3.97
41 2.98
67 3.97
53 5.58
71 5.07
44 4.85
66 4.37
22 2.49
39 3.23
40 4.22
29 2.58
50 4.03
43 2.64
39 3.06
33 2.32
42 4.2
37 3.29
53 4.59
36 3.37
32 1.87
32 2.18
38 3.06
29 1.7
47 3.63
27 2.07
37 3.57
54 3.29
40 2.64
18 1.36
40 3.06
48 3.8
41 3.06
60 4.2
35 2.41
43 4.03
37 3.71
30 2.64
39 3.88
41 4.03
27 2.58
38 3.97
44 3.4
43 4.28
38 3.49
36 2.75
47 4.11
40 3.86
40 3.97
40 2.66
44 2.41
82 6.46
35 2.32
69 4.14
42 4.42
47 2.75
19 3.46
35 4.2
54 4.71
42 5.9
25 3.8
42 4.03
44 6.72
34 4.79
47 5.1
42 4.51
62 6.41
26 3.8
36 2.98
37 2.49
36 2.64
37 2.66
67 3.2
42 5.93
41 5.19
98 5.56
79 5.5
69 6.12
37 4.59
42 4.2
55 3.23
100 6.12
86 4.71
34 3.94
38 3.32
57 4.11
85 7.03
43 5.16
13 1.67
47 3.54
34 3.32
53 4.85
82 5.73
82 5.58
35 3.46
88 5.84
78 6.86
29 2.72
72 3.06
97 5.41
47 3.15
72 3.66
67 6.89
50 3.06
83 2.89
36 2.58
24 2.58
27 2.72
65 3.88
24 1.59
26 1.87
24 2.15
71 3.71
55 3.97
25 1.93
27 2.58
62 4.37
38 3.54
23 2.27
27 1.76
40 4.85
27 1.93
24 2.01
38 2.83
48 4.03
36 2.72
39 2.98
88 4.59
17 1.28
25 1.62
40 3.71
75 4.85
70 4.03
33 2.81
42 3.8
25 2.18
25 1.76
26 2.18
27 2.24
40 3.97
15 1.36
27 2.72
34 2.98
26 2.52
27 2.27
25 2.1
45 4.85
27 2.52
26 2.66
63 4.85
34 3.94
52 2.89
35 3.8
31 2.24
42 3.8
48 5.64
21 1.79
17 0.62
30 3.32
32 3.54
24 2.18
36 3.63
80 4.85
76 4.62
26 2.1
90 5.93
38 3.71
64 3.8
44 3.06
24 2.27
43 3.49
47 5.16
26 1.11
27 3.06
24 1.7
36 2.41
75 5.41
37 2.32
37 3.4
24 2.41
32 3.06
34 3.29
39 3.4
17 1.36
29 2.72
45 3.8
23 1.96
28 1.87
88 5.07
30 3.97
32 2.75
38 3.49
27 3.23
26 2.01
36 2.95
26 1.9
26 2.47
24 1.84
24 1.9
76 4.76
23 1.5
34 2.81
24 2.07
42 3.4
45 4.76
26 2.01
18 2.01
25 2.13
32 2.27
35 2.66
22 3.2
66 4.88
36 2.58
24 2.07
26 2.98
19 1.11
26 2.01
25 2.49
27 2.98
27 2.18
16 1.59
28 3.54
25 2.01
80 5.93
25 2.89
23 2.32
25 2.32
37 3.15
29 2.83
40 3.94
73 4.2
26 2.18
29 1.84
43 3.63
26 2.1
25 2.52
80 5.9
24 1.62
25 2.98
34 3.32
39 2.24
16 2.01
37 2.98
36 1.47
37 3.77
49 6.63
26 2.58
26 2.81
24 2.38
99 5.44
20 1.59
42 5.07
38 3.97
49 4.14
39 3.03
28 1.84
34 3.52
34 1.7
28 2.49
64 6.69
36 2.86
36 3.43
20 1.9
58 6.07
30 1.87
99 5.76
67 3.94
23 2.07
29 1.96
43 2.98
44 3.29
44 3.66
27 3.37
61 4.37
93 5.81
43 3.23
43 3.71
23 2.1
37 1.79
86 3.71
35 3.06
86 3.54
28 2.49
67 5.07
23 2.1
33 2.41
92 7.26
66 4.42
36 2.98
92 5.73
45 4.22
68 4.14
80 8.25
42 3.46
35 3.15
26 2.32
33 3.06
31 3.4
75 4.99
25 2.1
35 2.83
35 2.83
68 6.21
38 4.28
36 3.49
27 2.75
25 1.53
26 2.01
40 3.32
23 2.66
69 4.22
68 6.41
28 1.93
38 3.71
40 3.49
107 5.36
41 5.41
20 2.15
44 4.22
30 2.72
53 4.05
29 2.89
36 2.98
93 6.61
36 3.94
76 7.99
44 4.99
51 4.03
46 4.51
35 3.49
27 2.41
40 5.24
103 5.27
41 4.59
24 2.1
69 4.85
42 3.49
24 2.24
24 1.36
28 2.24
25 1.93
38 3.71
26 2.32
24 1.53
16 1.13
27 2.89
31 2.32
51 4.42
20 2.01
24 2.98
23 1.59
19 1.93
24 2.18
25 1.62
24 1.93
26 2.64
45 4.14
86 4.42
83 4.37
26 1.93
52 3.86
33 2.83
29 2.32
106 4.54
84 4.22
28 2.92
49 3.77
26 2.1
33 2.49
69 3.8
42 3.09
44 3.23
28 2.75
28 2.27
89 4.76
46 3.71
35 2.83
29 2.92
94 4.85
38 2.98
27 2.81
26 2.72
25 2.15
61 4.45
30 2.49
40 4.05
70 6.29
25 2.92
50 4.42
24 2.1
54 5.98
28 2.58
27 2.64
69 4.42
44 3.8
69 4.59
36 4.59
31 2.58
29 2.07
20 2.58
42 3.97
63 4.51
23 2.41
66 4.45
26 2.64
43 4.45
24 2.98
37 3.23
24 1.84
38 4.62
31 2.32
40 4.68
25 2.66
24 2.24
36 4.2
88 5.19
26 4.22
36 2.72
65 5.41
34 3.29
39 2.18
16 1.96
37 2.98
36 1.45
37 3.71
49 6.61
26 2.52
26 2.75
24 2.32
99 5.41
20 1.59
42 5.07
38 3.94
49 4.11
39 2.98
28 1.84
34 3.49
34 1.7
28 2.49
64 6.63
36 2.83
36 3.4
20 1.87
58 6.04
78 5.58
42 3.94
40 3.97
42 2.41
52 4.9
51 4.28
50 3.94
41 2.98
39 3.97
37 3.97
68 9.38
51 4.9
68 3.94
77 5.58
17 2.01
70 4.59
47 3.4
54 5.1
69 5.5
38 3.57
39 4.37
36 2.98
31 2.98
41 2.58
42 3.88
54 5.02
45 3.94
39 3.01
35 2.01
45 3.54
38 3.06
25 1.84
89 3.86
58 6.55
46 5.81
34 4.05
71 5.73
53 3.46
70 5.1
46 3.63
45 3.4
52 3.32
35 3.57
91 5.07
31 2.01
76 5.07
34 3.2
33 2.66
47 3.49
50 3.88
46 3.15
96 3.4
48 3.15
51 5.56
52 4.42
47 3.71
54 5.5
97 3.94
54 4.11
90 4.54
79 3.63
54 3.94
50 2.83
50 4.34
72 4.68
95 6.55
43 2.64
71 4.2
54 3.46
56 3.97
51 3.4
48 3.46
48 3.54
51 3.97
35 1.93
21 1.13
27 1.87
25 1.98
16 1.5
37 3.12
28 1.95
19 0.96
42 3.4
21 2.21
43 3.29
31 2.61
79 4.2
46 4.31
17 1.42
71 4.65
24 2.27
107 6.46
26 2.58
80 5.33
26 2.5
26 2.27
26 2.16
81 3.97
38 3.29
41 3.4
76 5.56
89 6.69
39 3.15
26 3.15
29 2.84
38 3.15
77 4.54
25 2.16
19 1.87
43 3.23
30 2.84
26 2.27
81 3.94
23 2.44
34 2.58
27 2.92
77 4.85
26 1.81
25 1.76
27 2.38
68 4.03
65 3.96
57 3.83
42 3.74
28 2.58
78 4.71
19 1.11
28 2.92
32 3.37
25 1.96
70 4.99
21 1.7
29 3.12
38 3.37
70 4.28
28 2.86
38 3.09
45 3.52
21 1.67
28 2.35
41 3.94
66 3.6
45 4.39
45 3.23
52 4.2
71 4.42
42 3.29
19 1.7
45 4.03
38 3.71
32 2.27
40 3.37
71 5.33
31 3.32
26 2.33
54 3.8
36 2.67
33 2.89
29 2.24
47 4.05
28 2.41
96 5.16
45 3.37
96 5.73
42 2.64
37 3.86
60 3.86
40 3.29
106 5.42
28 1.19
41 2.92
32 3.4
38 4.11
28 2.18
29 2.92
29 2.1
39 4.45
38 3.23
25 2.41
88 4.93
86 4.68
41 3.71
39 3.74
37 2.84
39 3.37
50 3.66
36 3.15
31 2.72
31 2.89
38 3.86
38 3.57
27 2.33
39 2.98
32 2.67
38 4.45
25 1.93
69 4.42
30 2.58
43 3.09
58 4.68
51 4.45
43 3.29
41 2.84
35 3.63
93 4.76
58 4.03
38 2.24
57 4.68
42 3.15
69 5.81
38 3.09
46 3.71
43 4.2
28 2.01
34 2.64
79 6.72
70 4.62
27 2.41
39 3.06
43 3.15
86 3.66
85 4.28
86 5.9
28 2.72
46 3.86
51 3.23
41 3.77
26 2.5
91 5.47
38 2.72
43 3.23
18 2.72
73 6.41
47 4.05
55 4.62
24 2.27
70 8.17
51 4.59
37 2.98
67 4.03
27 2.16
37 5.93
29 2.92
42 3.4
27 3.2
29 3.94
24 2.04
26 2.84
30 2.1
26 3.52
44 3.74
25 2.84
23 2.64
38 3.74
24 1.81
32 3.29
38 3.57
29 2.72
40 3.29
76 3.97
73 8.85
29 2.27
39 3.63
48 3.69
27 1.98
26 2.16
33 3.18
26 2.27
33 3.8
29 2.5
30 2.27
38 3.06
41 4.03
48 4.59
29 2.89
28 2.44
27 2.35
43 4.28
41 4.03
39 3.46
25 2.58
70 4.37
39 2.92
48 4.05
33 3.23
102 5.08
37 3.06
27 2.01
35 3.15
29 2.33
29 2.27
32 3.32
43 3.4
35 3.32
99 6.78
40 3.63
48 3.97
38 3.29
41 3.63
27 2.67
41 4.37
37 3.63
68 5.19
81 4.76
39 3.63
28 2.81
46 5.19
39 4.05
29 2.81
40 3.54
37 2.81
39 3.88
50 5.67
40 4.14
34 2.55
66 5.1
37 3.37
69 1.05
46 3.77
29 2.58
41 3.29
74 4.05
39 4.54
28 2.64
37 3.71
65 6.21
36 2.81
43 3.49
40 3.54
40 3.15
43 3.49
72 6.55
17 1.53
55 4.45
29 2.44
20 1.96
64 4.28
40 3.94
27 2.32
28 1.93
27 2.07
21 1.19
28 2.1
80 6.21
18 1.47
28 3.32
26 2.16
25 2.89
28 2.95
27 2.67
24 2.41
27 2.47
25 2.38
29 2.81
30 2.67
27 2.64
27 1.76
39 2.58
80 2.98
16 1.11
29 1.84
29 1.87
35 3.88
39 2.5
26 2.18
54 5.56
35 2.92
24 2.1
26 1.93
54 5.81
19 1.79
26 2.95
27 2.18
49 4.28
73 3.71
30 2.89
18 1.79
18 1.53
29 2.5
26 2.27
26 2.07
25 2.5
45 3.32
70 4.2
18 1.13
25 2.1
32 3.32
22 2.89
25 2.72
75 4.85
102 6.29
39 3.8
59 4.79
24 2.32
37 3.29
38 3.4
38 3.46
79 4.93
35 3.4
39 3.29
28 1.93
26 1.87
29 2.35
25 2.49
32 3.06
28 2.72
29 2.89
28 1.79
25 1.67
18 1.7
14 1.45
86 4.59
92 6.72
80 4.93
68 4.51
26 1.96
27 2.27
34 2.18
46 3.01
35 2.81
28 2.18
26 2.07
98 5.81
80 8.65
43 4.37
31 3.4
48 4.03
25 1.36
24 3.94
33 2.41
55 4.85
27 2.92
82 5.19
26 2.07
72 5.33
24 1.62
70 3.66
62 5.64
29 2.75
40 2.67
25 1.62
65 6.41
51 4.39
65 4.14
45 4.39
17 1.5
31 2.72
25 1.59
44 3.23
81 5.98
36 2.5
51 3.71
43 2.98
42 3.23
53 6.95
24 1.53
91 4.76
44 3.88
95 4.76
30 2.41
38 5.27
45 6.24
39 4.59
90 5.81
40 4.76
37 3.49
28 3.49
71 6.89
36 3.94
88 5.9
35 2.83
38 3.71
49 6.41
94 6.63
37 3.54
29 2.92
44 4.9
49 5.5
38 4.03
33 4.42
28 1.87
29 3.88
93 9.72
68 7.03
39 5.16
28 2.64
27 3.63
20 1.28
39 4.37
50 6.29
96 8.76
41 4.54
37 4.2
43 4.85
38 4.76
34 2.58
28 2.44
106 8.56
34 4.71
88 6.86
28 2.58
44 3.23
27 3.15
33 3.06
45 6.55
29 2.81
68 4.99
29 3.4
43 4.59
39 3.63
37 4.54
44 5.41
86 8.82
43 3.77
25 2.72
41 5.33
44 5.5
91 5.64
42 4.37
95 9.16
40 4.59
25 2.55
71 5.9
82 4.93
16 1.96
34 3.06
71 5.16
46 3.15
42 2.95
45 3.57
51 3.71
28 3.29
43 3.37
41 4.08
91 5.05
27 1.81
90 14.06
27 2.33
26 3.18
71 4.42
27 1.93
28 1.98
27 2.04
18 1.56
50 2.16
57 5.1
37 2.44
51 3.63
65 3.37
24 1.64
55 4.54
37 1.98
41 2.98
37 2.27
69 3.37
68 4.76
52 3.97
35 1.84
48 3.06
77 3.4
40 1.87
57 3.4
38 2.58
26 2.27
38 2.01
29 2.78
84 6.92
20 2.16
21 2.78
29 2.84
33 3.35
44 4.14
31 3.18
30 2.3
18 2.04
21 1.87
20 1.81
56 6.46
30 3.06
32 3.91
26 2.44
43 4.08
73 5.95
28 2.95
42 3.97
38 3.4
103 10.66
41 3.29
47 3.46
28 2.38
20 1.36
35 3.71
52 5.16
39 2.95
29 2.38
48 3.01
44 5.1
35 3.69
24 2.72
34 2.33
20 2.5
20 1.22
29 2.95
28 2.89
29 2.64
28 2.92
40 3.06
30 3.35
26 2.16
30 2.16
32 4.08
27 3.09
52 4.42
38 3.86
45 4.25
38 3.06
18 1.02
22 2.27
20 1.45
27 2.55
66 6.46
43 4.76
91 10.94
13 1.7
26 2.44
34 2.84
53 4.31
27 2.3
41 3.57
15 1.36
31 2.75
44 3.91
44 3.74
21 2.1
46 4.82
20 4.82
31 1.42
67 6.18
31 3.29
43 4.76
27 2.95
20 1.98
27 3.4
21 2.04
30 2.75
44 3.01
19 1.93
14 2.27
15 1.13
26 1.76
44 4.37
19 1.64
29 2.55
27 2.1
43 5.05
28 2.69
20 2.1
25 1.98
46 3.4
27 2.89
27 2.38
44 3.4
31 3.52
31 3.01
43 3.63
55 4.99
52 3.63
42 3.52
43 3.57
26 2.1
55 4.88
29 2.52
30 2.84
29 3.43
29 3.18
27 2.18
27 2.78
31 2.69
28 3.23
79 4.65
29 2.84
29 2.72
42 4.31
90 8.79
25 2.1
20 1.36
25 3.18
28 1.93
28 2.04
26 1.98
29 2.89
31 2.84
17 0.96
19 1.19
25 2.47
78 6.86
30 2.72
22 1.64
25 2.33
26 1.59
25 1.36
27 1.81
34 4.14
55 3.86
65 6.12
76 7.03
27 3.06
24 2.38
39 3.2
72 5.1
26 2.16
84 7.48
88 7.37
40 3.69
43 4.93
38 3.86
25 1.93
31 3.46
26 2.38
26 2.55
22 1.08
20 2.07
27 3.23
34 2.47
20 1.53
26 2.78
30 3.69
37 2.95
21 1.33
29 2.21
28 2.98
23 1.25
65 3.43
86 6.58
21 1.25
36 2.38
44 3.29
31 2.92
28 2.5
26 2.07
28 2.38
28 2.04
38 2.72
26 3.06
41 4.2
92 5.9
26 2.72
35 3.15
31 2.61
33 2.69
29 2.35
30 3.26
29 2.61
34 3.74
50 4.17
27 2.07
47 5.22
21 1.93
32 2.72
29 3.35
39 4.08
34 1.96
68 5.44
46 3.74
39 4.17
31 1.98
28 1.84
27 2.24
45 3.71
38 4.25
47 3.37
41 3.29
26 2.38
41 4.59
28 2.61
26 2.61
28 2.78
26 2.95
37 3.52
50 4.14
38 2.61
35 4.11
30 3.2
59 4.25
53 4.31
39 3.97
26 4.85
28 2.64
65 2.44
49 2.44
67 2.84
48 3.77
25 2.5
40 2.61
29 2.13
37 4.17
28 3.74
28 2.04
26 2.5
26 2.13
19 2.58
35 2.44
28 2.38
30 4.08
24 2.16
66 4.31
33 4.2
26 4.85
27 4.31
38 1.79
29 4.2
67 3.18
34 2.84
28 2.75
68 2.3
55 3.29
30 3.66
20 2.75
39 2.5
28 2.38
69 2.5
19 3.4
44 1.93
30 2.84
25 3.23
65 1.5
40 4.42
28 4.03
28 3.26
28 4.76
27 3.71
27 1.98
28 2.61
46 1.9
28 2.18
51 3.49
30 1.36
31 2.61
35 1.5
46 4.31
30 3.63
45 1.59
28 1.53
28 4.51
29 2.35
50 3.63
47 3.26
53 2.81
56 3.69
62 3.23
35 3.23
52 2.5
51 3.26
39 2.27
53 3.69
39 2.72
47 4
82 8.31
62 3.18
43 1.98
51 3.23
27 2.04
54 3.26
47 2.86
63 3.18
41 2.35
24 1.76
92 5.84
36 3.12
26 1.9
100 5.67
48 4.03
66 4.59
39 3.94
30 3.23
38 4.03
32 3.46
32 2.64
49 5.39
83 5.84
44 3.91
46 4.37
40 5.33
40 3.57
39 3.26
37 2.86
38 4
40 3.52
38 3.32
27 2.52
43 4.48
29 3.2
31 3.09
27 2.86
25 1.81
69 5.64
68 5.02
44 4.42
72 4.17
48 4.31
24 2.44
33 3.37
29 2.69
52 4.96
44 3.74
74 5.19
93 4.99
48 3.63
41 3.94
37 4.05
90 6.35
41 3.97
54 4.76
49 3.97
34 3.32
40 3.37
43 4.42
33 4.65
37 3.29
36 4.65
39 3.86
38 4.08
34 2.95
36 4.42
56 6.46
32 3.18
31 4.2
38 3.63
28 1.81
38 2.75
77 4.88
26 1.98
24 2.16
51 4
46 3.94
28 2.61
29 1.87
65 5.44
28 1.96
31 2.98
26 2.84
80 5.22
25 2.78
29 2.13
28 2.27
30 2.98
31 3.18
27 2.78
28 2.21
24 2.33
30 3.01
41 3.54
45 4.82
32 3.32
25 1.7
20 1.98
26 2.04
37 3.18
17 1.53
40 2.84
71 6.66
40 3.4
17 2.01
28 1.64
28 3.63
29 2.58
40 4.28
37 3.94
35 5.9
36 4.39
50 6.24
38 4.2
37 4.93
89 7.23
27 4.31
38 5.27
29 3.06
15 2.07
50 5.76
45 4.25
37 3.74
47 4
71 5.67
23 2.24
51 7.31
53 5.98
16 1.96
37 4.22
49 5.5
105 8.28
36 3.29
51 7.37
38 3.15
50 4.62
80 4.85
85 4.54
49 4.76
50 6.41
36 3.88
24 2.44
37 2.66
20 1.87
39 4.37
57 4.96
52 4.28
67 7.2
20 1.67
41 3.77
38 3.15
38 4.2
49 3.54
73 9.16
38 5.16
56 4.37
19 1.5
35 2.41
45 3.35
35 3.8
41 4.37
43 2.52
39 2.98
47 3.83
50 3.54
48 5.78
43 3.69
69 9.5
31 3.4
20 1.84
38 2.64
59 6.07
50 4.82
42 3.29
46 4.42
38 3.4
25 1.56
28 2.38
47 3.63
62 5.53
20 2.13
28 2.32
40 3.12
40 4.05
43 4.59
45 3.63
32 3.18
37 3.83
38 2.92
46 4.34
58 4.2
43 3.91
38 4.17
68 9.16
48 3.83
37 3.18
88 5.02
26 1.98
71 4.59
39 3.66
58 3.69
51 3.69
37 3.32
59 3.43
27 2.55
20 1.73
28 2.15
25 2.3
37 2.44
24 2.47
15 0.88
16 1.22
15 1.22
15 1.13
20 1.53
43 4.31
41 3.18
90 5.39
44 3.06
16 1.19
26 1.36
40 2.61
57 4.73
16 1.39
55 4.54
37 2.78
34 3.01
20 1.7
34 2.81
43 2.83
45 3.43
38 4.14
44 2.64
35 2.44
44 3.52
47 4.05
35 2.38
38 3.32
42 4.37
46 3.54
46 2.61
45 3.74
36 2.83
43 3.18
38 3.29
38 3.97
34 2.24
41 2.95
38 3.46
35 2.92
42 3.6
46 4.25
46 2.92
47 2.72
45 4.54
28 2.95
48 3.52
60 4.14
43 3.83
33 3.03
74 8.16
41 3.15
50 3.52
35 2.81
27 2.92
46 3.66
40 2.78
41 3.35
18 1.42
37 3.01
38 3.37
39 2.66
22 1.9
43 3.4
29 2.38
74 4.56
21 1.81
39 2.75
29 2.75
47 3.09
48 3.8
36 2.52
96 5.19
68 4.08
21 1.45
53 4.71
30 2.95
49 5.22
95 7.97
46 6.04
44 4.42
59 5.67
73 6.1
28 3.77
29 3.35
72 8.05
31 3.37
48 5.58
68 4.79
45 4.71
37 3.8
35 3.63
31 4.05
62 5.44
59 5.27
20 2.49
43 2.89
53 5.22
44 3.46
28 2.21
66 3.63
18 2.21
19 2.21
21 2.15
45 2.98
43 2.58
47 2.92
53 3.03
65 6.01
52 3.49
65 4.25
43 3.09
29 2.47
35 2.69
39 3.26
53 3.15
85 4.59
17 1.3
14 1.19
17 1.62
20 1.59
43 3.69
81 5.67
42 3.83
43 4.76
43 3.46
27 2.27
66 6.41
39 4.59
27 1.87
43 3.15
87 8.33
43 3.12
34 3.06
28 2.69
30 2.95
44 3.83
39 3.77
25 1.96
24 2.61
20 1.39
36 3.37
41 2.58
45 3.97
26 1.96
45 4.59
18 1.73
21 1.56
45 3.66
37 3.23
44 3.74
26 3.26
45 4.2
44 4.54
39 2.35
58 4.34
27 4
38 3.52
38 3.69
47 3.8
94 4.88
40 4.59
63 5.44
75 5.78
45 3.37
44 5.3
20 2.35
28 2.07
44 4.31
39 4.25
43 2.81
18 1.73
17 2.01
38 4.03
24 2.32
31 3.03
24 2.81
28 2.52
45 3.18
26 1.96
27 1.9
50 4.37
24 2.41
19 1.9
28 2.95
38 3.46
65 4.88
23 1.79
49 3.03
23 2.38
26 3.29
30 2.69
45 3.91
35 3.66
50 4.2
18 2.01
28 2.38
29 2.81
62 4.54
38 3.12
45 4.76
35 3.18
28 2.61
22 2.27
44 4.73
51 4.68
29 2.78
43 3.06
19 1.93
75 5.13
69 6.04
73 4.59
43 2.55
59 4.85
36 2.01
41 4.62
23 2.75
14 1.22
30 2.58
49 3.71
15 1.11
29 3.09
75 6.66
62 4.42
21 1.87
17 1.47
35 3.57
46 3.2
70 5.13
91 4.88
28 2.64
27 2.1
28 2.33
25 1.76
43 3.29
28 2.21
18 1.76
45 3.83
20 1.7
23 1.81
67 6.41
31 2.95
25 2.38
23 1.96
31 2.84
36 4
45 5.1
43 4.68
44 3.69
19 1.47
28 2.47
39 3.6
26 2.67
29 2.67
45 3.09
26 2.04
21 1.81
55 5.84
43 3.97
31 2.92
22 1.81
19 1.39
27 3.12
53 3.32
45 3.63
39 3.52
30 3.09
24 1.93
25 2.33
52 3.06
28 2.44
28 2.5
28 3.06
72 3.74
31 3.01
30 3.18
24 2.13
21 1.98
26 2.55
28 2.27
21 1.53
54 4.93
41 3.32
33 3.6
20 1.76
30 2.67
20 2.1
22 1.7
21 1.84
22 1.73
73 5.05
29 3.37
28 1.81
20 1.9
31 0.8
16 0.7
55 4.82
37 3.94
48 4.65
52 6.24
41 4.25
37 3.54
25 3.29
13 1.79
21 2.69
20 2.27
65 7.77
16 1.93
37 2.92
40 4.51
35 3.23
36 4.91
44 4.62
39 4.25
47 3.66
43 3.06
96 5.05
29 2.95
28 2.33
36 3.63
30 2.27
41 2.78
29 2.41
31 2.89
38 3.46
31 2.61
19 1.59
30 2.41
55 4.93
21 1.3
33 2.78
37 2.72
17 1.42
30 2.67
24 1.87
32 2.41
21 1.53
29 2.67
39 3.57
30 2.1
16 0.75
15 0.6
22 0.45
16 0.75
17 1.81
98 5.73
89 5.87
31 2.64
22 1.36
45 4.42
28 2.16
24 2.04
55 5.33
74 5.53
32 2.41
20 1.7
41 4.2
22 1.96
31 3.6
20 1.84
21 1.96
26 2.52
30 2.3
28 2.61
25 1.76
44 4.25
22 2.27
29 3.03
21 1.79
41 3.52
28 2.78
25 1.16
86 6.8
28 2.13
32 3.74
27 2.95
25 3.2
38 5.22
29 2.81
47 4.48
36 4.14
41 4.62
21 2.38
41 3.91
37 3.29
37 3.35
72 4.59
25 3.43
51 5.76
37 3.29
71 5.9
40 3.8
79 5.05
37 4.73
32 3.49
31 3.52
37 5.02
37 4.68
42 5.22
26 2.1
26 2.18
45 4.65
43 5.33
45 4.65
28 2.24
30 2.67
45 2.58
40 3.46
40 2.92
33 3.23
49 3.37
75 4
52 3.83
80 5.78
29 3.18
35 2.92
25 1.79
21 1.53
32 2.55
46 4.76
26 1.79
85 4.25
36 2.38
29 2.18
32 2.44
40 3.35
29 2.72
44 3.23
44 3.63
19 0.99
81 7.46
60 4.26
54 3.6
45 2.52
49 4.2
72 5.53
68 3.8
43 2.52
79 4.4
38 2.84
44 3.41
29 1.84
43 3.77
70 3.89
38 3.35
43 3.58
47 3.75
46 2.75
29 2.38
77 6.9
23 1.88
71 4.15
46 4.17
36 3.21
42 3.35
47 5.28
43 3.18
53 2.67
42 2.44
45 2.78
25 1.79
31 3.06
27 1.67
83 4.03
36 2.84
28 2.61
21 1.87
67 3.46
43 3.06
46 2.84
19 1.36
31 1.59
18 1.16
43 3.4
21 0.71
71 4.05
26 1.56
106 4.48
43 3.2
23 1.11
69 3.35
26 1.81
47 2.61
25 2.1
84 3.06
73 4.39
41 3.26
70 2.92
40 2.86
45 2.67
26 3.57
85 7.26
30 2.72
96 6.58
41 4.48
31 4.31
60 6.61
25 2.21
29 2.5
36 4.71
45 4.93
38 5.84
68 5.1
42 5.22
31 3.69
28 2.5
30 5.02
43 4.96
26 3.54
49 5.67
44 5.27
35 4.08
43 3.88
37 4.93
77 7.43
48 6.12
31 3.63
36 4.14
29 3.86
42 4.54
27 3.63
63 6.01
32 3.52
19 2.27
45 3.94
104 6.27
38 4.03
40 3.74
29 2.75
52 5.13
70 5.81
54 5.02
40 2.84
26 2.89
20 1.64
30 3.18
13 1.45
56 4.05
46 4.54
89 7.85
27 2.75
48 3.97
30 2.92
30 3.23
20 1.9
45 4.03
17 1.64
29 2.69
28 2.24
33 4.28
31 3.09
27 2.84
39 4.34
52 6.24
26 3.52
43 4.37
40 4.25
30 2.52
31 3.43
35 3.88
35 4.31
28 2.38
57 3.86
107 5.76
31 2.16
28 2.84
35 3.8
36 3.01
29 2.61
29 3.12
23 1.56
29 2.61
32 2.5
21 2.55
28 1.87
42 4.76
20 1.81
64 4.2
25 1.19
38 3.97
31 2.33
29 2.89
22 2.1
26 2.3
28 2.04
30 1.7
27 2.22
21 1.16
30 2.13
28 2.38
29 1.25
34 2.27
23 1.65
18 2.04
28 2.38
35 2.9
33 2.55
112 5.8
30 2.2
24 1.4
29 2.5
35 2.85
30 1.75
46 3.65
53 4
35 1.8
30 2.4
93 6.05
31 2.35
40 4.05
42 3.05
74 4
46 3.45
28 1.35
21 1.25
20 1.2
22 0.9
22 0.75
15 0.7
20 1.2
16 0.65
19 1.5
22 1.1
17 1.3
61 3.86
34 2.72
50 5.42
31 2.81
33 2.1
29 2.86
34 2.33
29 2.67
34 2.3
30 2.35
71 4.76
44 2.64
42 3.97
88 4.42
68 4.99
42 3.71
44 4.62
41 2.61
40 3.01
64 5.19
53 3.37
44 3.6
33 3.18
39 3.69
39 2.47
37 3.15
36 4.28
54 4.2
45 3.57
39 2.72
43 3.77
57 5.7
12 1.1
53 4.1
18 2.6
23 3.2
18 2.9
27 4
63 5.6
30 4
37 3.7
43 2.9
103 8.2
21 5.8
25 3.6
28 4
23 2.6
34 4
28 2.33
30 2.24
47 3.46
43 3.43
43 4.08
38 2.47
28 2.44
70 4.42
47 3.26
31 2.16
38 3.37
34 3.26
27 2.41
72 6.61
26 2.58
40 2.38
33 3.63
34 2.38
25 2.1
34 3.35
32 2.61
29 3.03
32 2.44
41 3.01
29 2.35
41 3.57
31 2.81
60 3.57
32 2.67
37 2.92
42 3.35
41 3.4
32 3.45
57 6.4
36 3.9
45 4.2
30 3.45
36 5.8
39 4
53 4.35
40 5.15
38 4.85
74 5.35
31 3.45
51 6.5
33 4.2
50 5.85
33 3.7
42 4.2
45 4.7
51 5.9
18 1.7
75 5.5
62 5.65
20 1.3
29 2.95
26 2.3
18 1
25 2.27
29 2.3
31 2.78
28 2.55
74 3.97
41 2.67
40 4.51
41 3.83
47 4.11
50 3.37
85 5.16
32 3.18
72 3.97
34 3.54
22 2.5
50 6.32
32 3.32
32 2.64
46 3.69
50 2.84
39 3.86
30 2.98
30 2.72
24 2.16
74 3.49
27 1.84
44 5.55
45 6.2
41 4.45
43 4.9
51 4.75
31 2.5
35 3.35
40 4.95
30 3.8
69 5.7
41 3.65
50 5.25
71 6.9
42 4.3
31 2.3
44 4.45
24 3.2
45 5.25
39 4.85
30 3.15
94 8.2
40 4.7
31 2.7
15 1
20 1.2
19 1
22 1.1
20 0.9
26 0.8
26 1
20 1.45
28 1.3
21 1
25 0.85
19 0.75
19 1.84
32 2.55
16 0.82
87 4.71
99 4.54
29 2.35
36 2.86
20 1.47
26 2.16
47 3.52
38 1.9
34 2.13
90 4.54
35 3.05
30 2.13
22 1.92
46 4.7
28 3.41
49 2.86
47 3.16
25 1.27
48 4.35
41 4.1
28 2.92
26 2.26
52 3
28 1.83
28 2.2
43 2.99
22 1.88
51 2.95
63 4.73
48 2.89
28 2.1
53 3.63
37 2.86
13 1.36
43 4.2
40 2.78
25 2.24
47 3.86
49 3.94
21 2.07
26 3.32
29 2.89
79 4.54
16 1.45
44 4.34
28 2.47
62 3.86
27 2.41
50 2.86
13 1.11
48 3.06
41 3.66
20 2.52
42 4.28
27 3.15
15 1.5
46 4.08
24 2.32
28 2.95
42 3.6
36 3.63
15 1.42
31 3.09
20 2.07
43 4.48
22 2.04
85 3.91
21 2.15
89 4.96
26 2.13
89 3.77
48 3.49
44 3.18
44 3.46
15 1.53
45 2.61
30 2.32
73 3.94
35 2.72
40 3.35
40 3.69
41 2.78
16 1.5
45 3.49
25 2.55
14 1.42
25 2.41
37 3.32
30 2.44
44 3.23
16 1.05
54 3.26
39 3.18
43 4.28
91 3.71
52 3.83
47 4.56
31 2.75
24 2.41
47 4.34
52 3.43
30 2.24
19 1.79
50 4.31
45 4.28
30 3.26
45 3.97
46 4.96
86 6.1
24 2.66
69 6.72
37 4.99
90 5.67
39 4.05
34 3.06
27 3.69
39 3.29
39 3.15
57 5.9
19 2.89
45 4.9
46 4.34
42 3.54
43 3.29
43 3.43
15 1.28
48 4.93
42 2.83
21 2.01
42 4.14
40 4.2
21 2.04
39 3.37
88 5.93
29 2.61
52 4.28
41 3.88
46 3.49
54 4.42
49 3.12
20 1.96
27 2.61
21 1.62
20 2.27
18 1.59
31 3.2
48 4.45
32 3.29
72 5.1
52 4.03
48 4.28
15 1.67
38 2.98
93 4.96
41 3.54
50 3.35
22 2.49
73 4.48
49 4.54
54 3.06
66 4.62
74 6.72
25 2.81
39 2.83
44 3.46
36 2.95
91 4.28
55 5.27
17 1.36
37 3.15
26 2.04
92 3.69
40 2.55
16 2.07
51 4.65
30 2.72
18 1.08
16 1.81
35 2.55
102 4.96
16 0.85
78 3.88
27 2.81
25 2.47
40 2.92
29 3.03
20 2.66
67 4.42
45 2.86
32 3.01
97 4.39
34 4.54
52 3.97
19 1.64
50 4.05
35 2.72
48 2.95
93 4.34
40 3.06
40 3.86
44 2.49
28 2.49
71 6.21
45 4.08
47 4.82
32 2.75
33 3.83
30 3.37
21 1.7
51 3.83
39 4.03
32 3.03
16 1.53
17 1.22
40 3.86
28 3.09
80 3.77
20 1.25
23 1.42
45 3.01
19 1.22
32 2
68 4.8
62 4.25
31 3.3
70 5.7
70 6
48 4.25
72 7.45
47 4.5
20 2
39 3.65
53 3.95
31 3.15
35 3.1
98 6.1
32 2.35
23 1.9
29 2.7
26 1.5
100 5.1
32 2.7
45 4
28 2.2
34 2.6
55 3.4
59 4.35
49 3.4
62 3.35
40 2.3
34 2.85
46 2.9
78 2.85
59 4.4
49 3.2
46 3.3
37 2.1
64 4.15
41 3.05
69 4.8
52 3.7
48 2.65
64 3.85
18 1.7
27 2.15
52 3.9
34 2
71 4.2
57 2.65
96 6.4
101 4.8
83 3.15
62 3
54 2.5
47 3.3
47 3.83
28 2.72
48 3.97
49 6.29
32 2.98
29 3.01
42 4.08
30 3.63
90 3.91
27 2.01
38 2.89
33 2.64
32 2.41
31 2.84
63 4.08
32 2.47
29 2.75
33 2.98
30 2.52
30 2.78
25 2.04
32 3.26
32 2.52
24 1.93
32 2.75
16 1.81
41 4.1
33 3.35
21 2.15
31 3.5
27 2.45
39 3.85
36 4
26 2.1
30 2.3
51 4.15
30 2.75
38 3.5
41 3.45
26 3.15
31 3.4
57 4.6
30 1.6
40 4.5
28 2.4
32 4.6
29 2.7
29 3.3
33 2.45
27 3.7
17 0.9
17 0.95
17 1
22 1.3
15 0.85
16 0.95
16 1.05
20 1.1
20 1.6
21 1.6
21 1.8
17 1.25
22 1.65
22 1
16 0.7
21 1.3
17 0.6
17 0.8
21 1.35
91 5.15
46 2.6
53 4.3
48 4.05
43 3.25
23 1.5
29 2
54 4.85
28 2.7
30 2.9
21 1.55
61 5
48 3.9
44 2.95
26 2.05
42 3.25
20 1.6
15 1.93
35 3.51
33 3.35
50 3.55
38 3.1
49 4.61
89 5.65
72 6
33 3.82
90 5.3
42 3.84
52 4.32
42 3.53
41 3.96
54 3.94
42 4.15
41 3.55
41 3
48 4.24
38 3.02
41 2.93
45 4.11
55 4.85
35 3.17
37 3.48
35 2.6
34 3.61
40 3.67
91 4.09
44 3.9
29 3
31 2.5
43 4.17
46 3.94
40 3.86
29 2.53
46 4.14
34 3.2
34 2.8
29 2.51
48 7
69 7.52
30 2.61
30 2.89
94 7.56
29 2.05
43 3.99
33 2.4
54 3.76
57 3.99
24 0.61
29 0.64
24 0.85
37 4.82
30 2.42
32 3.6
50 4.81
45 4.13
55 4.85
28 2.66
40 3.64
70 6.95
49 3.85
22 2.5
37 4.41
74 7.11
36 4.9
40 3.79
71 5.59
96 2.7
98 6.25
43 4.82
31 3.6
29 2.5
43 3.89
71 7.28
32 3.27
42 3.57
52 4.04
45 4.44
37 3.3
37 2.78
31 3.06
25 2.43
31 2.3
35 2.74
40 4.06
45 3.79
40 3.46
57 4.16
40 3.02
33 3.3
41 4.41
44 4.26
48 4.81
32 3.43
33 3.5
41 4.44
37 3.07
56 5.36
49 3.24
38 2.72
55 5.94
40 3.97
34 2.04
39 5.55
31 3.55
80 5.2
32 3.1
39 2.76
74 6.24
36 3.97
52 4.21
44 4.15
42 3.87
39 4.24
46 3.7
30 3.1
73 4.75
77 5.15
88 4.95
33 2.55
49 3.9
30 2.83
31 2.77
38 2.89
44 4.18
28 2.44
31 2.78
33 3.09
33 2.25
35 2.94
28 4.17
34 2.86
49 7.29
42 3.84
26 3.98
67 9.45
36 3.6
35 4.2
33 3.6
29 3.2
31 2.8
46 4.6
48 4.5
15 2.8
37 4.2
29 2.5
26 2.5
54 5.2
30 3.6
30 3.3
32 3
32 3.9
65 6.1
69 4.1
47 4.3
53 3.9
28 3.1
20 2.2
18 2.6
47 3.4
62 7.15
47 3.6
32 4.5
29 2.72
50 7.9
29 4.55
26 3.35
44 3.37
30 2.7
30 2.65
30 2.5
47 5.6
32 2.9
52 4.4
53 3.9
42 3.7
29 2.9
65 4.7
43 4.75
64 5.56
47 4.36
35 3
40 3.7
34 2.96
33 5.15
38 3.86
38 4.8
25 2.18
44 3.47
53 7.32
37 3.86
42 4.79
90 4.6
40 2.93
44 5.6
39 4.64
32 4.86
52 5.88
14 1.43
42 7.16
31 3.55
23 2.36
46 3.4
40 5.13
36 3.37
40 3.65
52 4.69
59 6.55
46 5.25
40 4.02
85 8.17
94 7.97
43 5.36
24 2.53
31 3.52
33 3.72
33 3.54
75 7.34
33 3.67
71 6.15
41 2.83
32 2.1
45 2.59
52 4.98
94 8.3
44 4.39
46 5.08
45 4.9
35 3.42
45 3.6
34 2.77
37 3.56
40 3.41
83 4.06
45 3.32
47 3.92
28 2.81
47 3.41
75 3.99
42 4.81
57 4.19
47 3.76
44 3.71
23 2.14
53 4.02
28 3.75
72 4.8
43 3.07
54 3.74
31 2.51
17 1.25
31 2.89
38 2.82
29 1.42
42 2.86
17 1.59
17 1.47
36 4.42
41 4.25
19 1.73
16 1.39
38 3.97
32 3.01
89 4.65
47 3.54
16 1.33
59 3.03
79 3.86
30 2.95
14 1.25
34 3.03
21 1.87
16 1.64
32 3.23
29 2.72
13 1.02
48 3.97
19 1.53
25 2.38
48 3.77
24 2.44
72 4.31
39 4.37
22 1.36
37 2.95
31 2.44
53 4.59
49 3.54
32 1.98
37 2.58
48 4.51
44 2.61
48 3.49
25 2.35
73 3.91
48 3.12
54 4.45
44 4.79
41 5.44
58 3.4
38 2.78
45 2.89
18 1.33
48 4.08
47 2.58
33 3.2
18 1.5
49 3.63
72 6.12
22 2.27
52 4.54
12 1.93
28 3.32
47 4.51
68 4.88
48 4.2
70 4.48
24 2.04
33 3.12
79 4.88
73 4.31
40 3.86
22 1.9
51 4.08
31 3.46
78 7.37
47 3.29
46 2.92
43 2.41
30 2.55
45 4.14
47 4.56
32 2.27
41 2.75
20 1.87
37 2.47
56 4.3
48 3.76
33 3.05
26 2.61
31 3.36
36 3.1
49 4.09
34 2.31
50 3.74
31 3.05
43 3.12
45 4.91
30 2.68
24 2.49
26 2.01
31 2.83
30 2.28
32 2.66
56 3.88
48 3.39
47 2.02
37 3.17
26 1.75
41 3.25
31 2.2
30 2.35
32 2.6
61 3.4
37 2.11
30 2.95
51 3.9
90 4.21
66 4.2
31 2.81
33 2.77
35 2.33
37 3
107 4.2
26 2.23
32 2.99
49 3.7
57 3.36
28 2.26
41 3.67
34 1.58
21 1.71
86 4.86
32 2.45
32 2.9
30 2.75
31 2.65
25 2.52
92 5.2
27 2.22
41 3.15
13 1.05
66 4.75
22 2.07
36 4.15
36 3.75
32 2.7
29 2.1
49 4.75
50 3.8
38 3.55
32 3.7
32 3
41 2.9
87 4.6
50 5
34 3.12
42 4.2
28 3.25
16 1.3
58 4.25
23 1.56
33 2.8
39 3.5
23 1.42
41 4.62
30 3.27
50 4.3
41 2.67
31 2.21
37 2.42
30 2.91
51 4.6
26 2.12
37 3.47
40 3.86
41 3.6
69 4.55
23 2.65
34 2.67
41 3.13
75 4.41
50 3.84
69 4.99
38 3.53
48 3.81
25 2.1
75 4.96
53 7.1
35 3.59
45 3.71
22 2.6
56 5.1
33 3.36
30 3.51
48 5.05
31 2.66
55 5.06
33 3.36
25 1.95
25 2.4
83 8.16
24 2.87
51 4.61
40 3.45
30 2.95
57 3.34
36 2.84
31 2.84
85 5.9
53 3.32
32 2.54
55 4.9
99 4.6
49 3.45
60 4.61
38 2.95
26 2.2
32 2.36
54 3.45
47 3.08
47 2.68
25 1.98
33 3.07
63 3.45
49 2.7
57 2.78
46 3.2
33 2.9
44 3
58 2.75
27 2.82
35 2.6
50 3.2
27 2.55
23 1.12
29 2.15
98 5.03
31 2.4
47 5.5
90 3.65
90 4.45
50 5.3
42 3.12
47 3.98
42 3.15
55 3.75
32 2.7
30 3.53
17 1.5
104 7.3
30 2.27
48 3.6
23 1.32
44 3.37
49 4.1
21 2.17
31 2.27
26 1.85
33 2.32
21 2.37
31 1.82
17 2.3
34 2.85
21 1.4
33 3.17
33 2.65
20 1.3
31 3.25
23 2.05
42 3.41
46 3.32
30 3.1
30 2.65
35 2
45 3.7
70 5.8
30 2.35
54 4.3
22 2.07
25 1.18
43 4.5
18 1.35
29 3.05
72 5.48
31 3.6
28 2.37
49 3.2
31 3.14
71 6.82
29 1.95
28 3.16
29 2.54
81 6.05
33 2.93
31 2.43
43 3.87
30 3.81
33 2.91
33 2.85
30 2.35
40 3.42
28 3.2
43 4.1
38 3.9
30 2.6
34 3.67
27 2.5
30 2.82
30 2.62
51 4.8
36 3.6
32 3.22
16 1.7
30 2.45
29 2.55
32 3.27
32 3.2
22 2.47
33 2.8
110 4.92
34 3.97
30 2.6
21 1.9
37 3.9
23 1.82
41 4.77
23 2
47 4.75
31 2.25
48 3.87
22 1.55
50 3.7
18 1.07
32 2.6
88 3.97
52 4.76
33 2.5
38 4.4
43 3.75
29 3.11
75 4.91
23 2.15
37 3
34 3.61
42 3.78
30 2.97
82 4.3
33 4.25
37 3.26
30 2.69
50 4.7
30 3.62
50 4.24
31 2.42
74 5.16
29 2.94
30 2.95
33 3.11
76 5.33
65 5.36
32 3.79
32 3.95
33 3.5
47 3.04
35 2.7
73 5.74
53 3.85
61 3.5
57 4.5
43 3.7
23 1.77
57 3.5
44 3.72
37 2.98
54 4.7
33 4.05
57 5.26
30 3.88
33 4.84
54 4.55
46 4.94
24 2.24
35 2.7
37 2.95
63 4.9
75 5.33
49 4.05
39 3.45
42 3.11
41 3.34
87 6.7
44 3.8
65 5.06
42 4.52
46 4.56
42 2.88
42 3.76
41 4.2
86 6.29
41 2.97
28 2.61
30 2.86
30 3.34
35 2.39
44 3.31
31 2.55
58 4.58
45 4.36
42 4.37
42 4
43 4.81
70 5.02
54 5.09
31 2.96
33 4.05
44 4.89
32 2.83
34 3.64
38 3.86
34 3.9
66 6.63
38 3.74
45 5
33 3.63
74 5.68
42 4.36
60 5.76
36 4.11
68 4.69
33 3.39
43 5.72
31 3.36
49 5.25
53 4.12
32 3.49
42 4.56
29 2.87
51 5.9
64 4.44
103 4.89
45 3.96
87 5.06
72 7.01
50 3.78
46 5.06
99 4
33 3.25
30 3
44 5.01
48 3.86
52 4.15
49 3.42
55 4.4
37 3.42
79 4.05
43 3.55
36 2.17
62 4.5
23 1.88
30 2.5
59 3.65
39 2.42
98 7.46
44 2.49
48 4.85
35 3.17
95 4.35
58 3.18
100 3.85
98 4.45
61 3.73
49 4.94
54 4.25
47 2.89
30 2.47
82 6.25
92 4.16
29 2.2
106 5.77
38 3.51
19 2.35
32 3
26 2.17
21 2.26
28 2.35
54 4.22
34 2.85
29 2.38
29 1.68
39 3.85
45 3.21
31 2.69
54 3.08
42 2.89
47 5.06
49 3.05
23 2.24
49 3.31
29 2.15
31 1.99
29 2.56
30 2.07
82 5.27
55 5.13
41 2.86
45 3.15
48 3.77
51 3.59
30 2.89
31 2.12
31 2.78
35 2.41
32 3.21
31 2.25
55 5.67
70 4.81
29 2.29
33 3.89
21 2.06
21 2.75
21 2.65
28 3.27
30 2.9
30 4.02
20 1.58
26 2.72
19 1.5
44 4.74
29 2.76
29 2.99
28 2.92
39 4.33
31 3.01
29 3.37
32 3.15
27 2.54
29 2.79
37 2.45
36 2.45
43 3.44
41 3.73
39 3.36
45 3.05
42 3.44
48 3.36
38 3.19
74 4.14
43 3.74
85 5.15
36 2.84
33 3.37
35 2.81
36 3
45 3.59
36 3.3
44 4.1
49 3.72
71 4.55
86 4.99
31 2.79
46 3.81
36 3.44
41 2.98
72 4.47
39 3.91
44 3.18
43 3.9
47 4.67
33 2.4
83 7.1
42 3.86
53 3.73
87 4.47
44 3.61
60 4.32
53 2.8
39 3.25
60 5.21
32 2.35
57 3.22
59 4.61
25 1.73
34 3.29
36 3.01
25 2.24
40 3.65
34 3.73
25 2.8
21 1.56
72 5.76
24 2.11
22 1.76
26 2.93
20 1.98
50 4.99
26 2.66
23 3.38
24 2.4
51 5.31
47 4.41
45 5.3
48 4.45
45 4.3
35 3.4
20 1.97
100 4.98
26 2.46
54 5.36
50 4.53
48 3.72
33 3.27
50 4.42
76 5.22
34 3.48
38 4.39
31 2.28
41 4.18
59 4.8
56 4.5
33 3.1
25 2.32
42 4.41
33 3.36
41 3.44
43 3.26
31 2.43
33 4.26
51 4.7
49 4.17
47 2.9
33 2.7
57 3.45
40 3.2
27 2.35
45 3.5
21 1.55
69 3.05
47 3.85
44 2.65
23 1.8
75 3.05
42 3.95
20 2.6
30 2.9
74 3.7
37 2.25
51 2.65
20 1.75
49 2.75
40 2.75
65 4.35
28 1.75
35 2.05
39 2.35
47 2.55
30 1.95
24 1.75
27 1.2
55 2.6
79 4.35
51 2.7
47 4.1
19 1.5
27 2.2
20 2.05
30 2.6
20 2.25
54 3.9
39 2.95
45 3.45
24 2.3
46 3.75
43 3.05
61 5
76 4.05
49 3.9
33 2.35
24 2.3
35 2.5
25 1.7
33 2.35
53 2.85
49 4.75
29 2.7
21 1.9
80 3.7
19 1.4
43 4.3
23 2.3
33 2.85
36 3.55
99 3.9
30 1.5
55 3.95
53 3.1
90 3.55
97 4
87 4.7
50 2.75
23 1.3
36 2.8
57 4.35
111 4.15
105 3.9
20 1.5
32 2.35
44 3.05
48 3.1
32 2.45
79 4.2
32 2.15
28 2.05
22 1.75
36 2.3
31 1
31 2
43 2.2
25 1.35
43 2.25
77 4.5
22 1.95
40 2.8
39 2.55
35 3.05
47 3.7
17 1.05
19 1.4
44 3.6
24 1.75
30 3
56 3.8
21 2.4
47 4.45
18 1.35
49 3.15
88 4.5
18 1.6
66 4.3
41 4.2
45 3.6
56 3.45
18 1.4
43 2.95
101 3.85
61 5
44 4.2
46 4.1
55 5
47 4.15
58 4
46 4.25
45 3.4
96 4.05
18 1.4
59 4.8
32 2.15
55 4.4
60 4.2
62 4.75
40 4.05
61 4.1
104 7.85
25 2.05
34 2.6
68 3
58 3.6
34 2.3
35 2.05
51 3.5
46 2.35
45 2.9
56 2.65
57 4.15
28 2.15
48 3.75
43 3.45
62 4.15
42 2.9
46 3
23 1.9
38 3.3
63 5.6
44 3.4
25 2.55
57 4.15
32 2.94
46 4.8
32 3
51 3.35
28 2.62
24 2.16
32 3.24
60 4.95
34 3
47 3.97
31 2.85
45 3.6
20 1.72
30 2.9
26 2.3
31 2.85
37 4.11
30 2.66
31 2.44
33 3.2
25 3.22
33 3.36
31 3.1
90 6.3
24 2.24
21 1.35
52 4.52
30 1.87
35 3.85
34 3.32
54 4.66
34 3.7
53 4.3
31 3.45
31 3.42
38 4.38
38 4.35
30 2.61
54 5.49
33 2.95
22 2.72
52 4.5
33 3.55
75 5.58
36 3.02
30 2.61
30 3.36
46 4.5
41 5.14
53 4.74
32 2.32
28 3.9
45 3.98
33 3.47
26 2.23
78 4.51
22 2.17
53 6.15
35 3.09
38 3.61
45 3.73
32 2.56
23 2.01
43 3.66
76 5.15
30 2.67
24 1.8
68 4.65
35 4.2
24 2.62
25 1.68
40 3.81
19 1.79
23 2.4
31 2.27
72 3.4
32 3.15
31 3.17
31 2.2
40 3.29
30 2.75
31 1.91
84 5.21
39 3.58
45 3.14
31 2.35
32 2.64
84 4.71
42 3.5
33 2.97
57 3.79
82 4.9
48 4.91
23 2.52
33 3.43
29 3.36
48 4.38
30 1.83
47 3.8
33 2.91
23 1.57
30 2.16
31 3
22 1.72
57 5.02
34 2.35
32 2.56
34 2.91
97 5.8
38 1.85
91 5.01
26 2.29
46 3.82
37 2.48
70 5.7
83 4.22
22 1.69
48 5.15
25 1.85
49 3.35
98 8.01
34 3.09
32 3.37
35 2.75
50 3.91
32 2.83
16 2.84
55 5.25
40 3.79
38 2.55
36 3.05
52 4.24
42 3.31
30 3.06
32 3.55
42 3.73
58 4.26
75 5.66
31 2.97
60 4.32
48 4.06
46 3.21
38 3.1
35 3.95
34 3.69
43 3.42
32 2.75
96 4.05
40 3.25
30 2.4
37 3.71
83 4.5
33 4.21
19 1.45
48 3.9
31 2.69
97 5.05
48 4.05
34 2.48
41 3.69
27 2.01
75 4.96
31 2.19
37 3.21
33 2.06
32 3.59
42 4.7
23 1.65
24 2.01
40 3.61
36 2.81
90 5.03
43 2.61
34 2.65
41 2.31
32 2.05
41 3.16
44 3.05
33 3.32
94 4.74
31 3
42 2.95
59 4.36
42 4.58
43 3.8
42 4.5
45 2.94
49 3.96
38 3.92
50 3.5
47 3.65
44 4.8
24 1.55
53 5.3
46 3.55
24 1.34
32 2.59
36 2.91
39 3.23
50 2.66
45 2.95
38 2.25
79 5.24
49 4.36
42 2.93
38 3.56
34 3.16
50 4.44
54 4.65
36 2.66
48 5.05
39 2.9
34 2.3
47 3.31
28 1.79
34 2.21
48 4.48
39 2.29
51 3.74
47 3.41
42 2.5
19 3.08
48 6.02
31 2.99
47 5.06
80 5.05
36 3.96
32 2.97
46 5.64
35 3.68
54 4.18
52 5.42
33 3.81
80 5.21
32 3.53
33 3.41
43 2.93
40 4.74
42 3.85
32 2.86
34 3.28
33 2.99
43 4.65
43 3.2
33 2.7
31 2.9
42 4.8
43 4.15
43 5.7
47 4.35
89 7.1
33 3.25
82 5.75
44 4.8
31 2.75
37 3.25
55 5.3
49 5
31 2.25
24 2.7
57 5.75
33 3.6
50 4.65
43 4.15
56 5
72 3.95
81 4.75
64 5.25
39 4.6
51 5.1
45 3.6
44 4.65
45 3.35
90 5.8
77 6.1
44 3.5
33 3.7
31 2.5
44 3.5
34 2.4
49 3.7
47 3.3
47 5.13
30 1.95
49 3.55
47 3.7
34 2.33
53 4.72
35 2.82
35 2.86
31 3.45
58 5.6
42 3.79
17 1.75
38 3.2
48 2.87
37 3.65
46 4.17
32 2.9
72 7.26
33 2.72
49 3.7
37 3.26
53 4.55
55 4.74
41 3.99
28 3.38
46 5.85
54 3.36
43 4.35
45 4.16
47 4.71
63 4.94
32 2.01
69 3.75
75 8.12
22 1.74
58 3.77
47 3.24
53 4
47 3.44
23 2.11
32 3.14
33 3.15
22 2.7
39 2.41
23 2.73
22 2.23
35 3.47
24 2.1
42 3.18
48 3.73
68 5.24
54 4.25
72 4.6
73 4.95
46 3.38
37 3.35
36 2.7
78 6.15
45 3.97
81 5.69
56 4.96
52 4.2
60 4.53
45 3.27
50 2.69
52 4.25
32 2.95
40 3.29
40 3.2
26 2.26
40 2.62
47 2.84
24 1.62
43 3
48 2.97
45 2.76
49 3.1
68 3.08
60 2.79
44 3.91
21 2.09
43 1.63
56 2.99
78 3.76
48 3.45
40 2.67
68 3.49
70 3.28
42 3.15
87 4.43
55 4.89
50 3.95
94 3.68
42 2.93
64 4.55
50 3.81
29 2.5
54 4.07
37 3.4
83 4.35
51 4.85
35 3.15
51 4.19
43 4.34
29 3.69
56 3.84
53 4.16
31 2.81
48 3.64
74 5.35
59 5.11
40 4.16
40 4.08
44 5.04
37 4.45
34 3.74
29 2.8
54 4.09
32 3.4
43 4.9
33 3.6
42 3.85
30 3.64
34 3.17
56 5.62
38 4.22
43 4.15
40 4.29
114 7.35
39 4.98
44 6.95
90 8.9
59 4.84
29 3.71
44 4.54
21 2.59
32 4.81
81 7.55
69 6.65
45 5.47
40 3.41
32 3.96
29 3.74
31 2.6
31 2.53
24 1.98
65 5.85
39 4.05
38 4.72
24 2.21
29 2.47
58 8.06
38 5.04
45 5.2
53 6.7
30 3.21
31 3.89
36 4.29
48 4.93
107 6.9
46 5.44
34 2.98
38 4.45
43 4.6
34 3.67
33 3.67
46 4.81
85 3.53
37 2.75
53 3.94
51 4.25
33 2.6
37 3.3
36 2.15
94 6.92
33 1.95
53 4.43
32 1.88
24 1.95
73 4.89
68 5.84
64 2.9
45 4.7
60 7.88
44 3.86
72 4.84
51 4.96
52 5.4
56 3.74
46 3.12
60 4.8
59 4.26
42 4.16
37 2.84
51 2.58
18 1.7
34 2.64
45 3.8
60 3.66
29 7.62
36 2.78
35 3.64
37 3.36
57 3.12
46 2.64
40 2.46
34 2.14
54 6.9
27 2.7
47 4.5
27 2.4
32 3
62 5.5
53 4.1
68 4.85
47 4.4
52 4.75
21 2.25
51 4.85
17 1.45
45 5.75
29 3.2
25 2.2
48 4.25
22 2.95
29 3.2
33 3.35
60 4.75
21 1.9
22 1
46 3.2
18 2.35
58 4
19 1.55
32 1.7
32 3
22 1.4
45 3.65
30 2.3
51 3.8
49 4.4
27 1.8
47 3.2
42 4.2
39 4.4
29 2.65
25 2.35
48 4.1
43 3.3
35 2.8
72 8.05
62 4.5
55 5.9
30 2.5
49 4.85
53 3.45
41 3.8
60 3.3
81 6.8
40 3.45
58 6.15
42 4.2
45 3.25
22 1.65
42 3
57 4.15
50 4.85
51 3.45
24 2.4
54 2.6
61 3.35
62 3.95
50 5.15
27 1.75
27 2.3
45 2.3
55 4.25
50 3.3
51 4.7
43 3.15
32 2.2
66 3.65
68 3.4
42 2.8
47 3.45
27 2.65
50 3.6
20 0.8
29 3.35
34 3.15
37 3.2
19 2.95
43 4.65
22 2.7
24 2.65
48 5
31 2.1
86 6.35
31 3.65
43 3.4
39 4.4
23 2.2
56 3.5
50 3.95
82 4.05
20 0.95
40 3.85
25 1.45
72 4.35
40 3.3
51 3.2
58 3.9
64 3.95
22 1.6
47 3.1
46 3.65
17 1.5
49 6.1
32 3.15
36 1.85
35 3.45
23 3
48 4.25
24 2.9
80 4.6
62 4.7
105 3.9
24 2.55
81 5.65
50 4.35
47 4.75
23 1.8
64 4.6
26 2.05
42 3.9
77 3.95
29 2.85
51 3.55
75 5
45 3.35
39 2.7
51 4.9
20 1.85
50 3.6
23 1.6
19 1.35
24 2.9
27 2.1
21 0.95
49 4.5
112 4.1
17 0.9
45 3.65
24 2.4
29 3.4
30 3.55
73 4.75
44 3.1
29 3.55
23 3.15
44 3.9
75 4.9
34 3.7
71 6.9
48 5.6
38 2.65
17 2.15
47 3.55
51 3.05
19 2.35
39 3.15
52 3.8
47 5.4
38 2.7
59 4.7
95 5.05
20 1.75
56 5.9
17 1.8
81 4.1
27 2.25
19 1.6
51 5.2
45 3.6
13 1.15
18 2.2
121 4.65
19 2.2
31 2.35
18 2.2
53 3.9
24 3.2
64 3.95
20 1.6
45 4.7
34 2.7
28 3.1
59 5.35
21 2.15
77 6.15
21 1.15
44 4.5
32 2.3
20 2.25
42 5.1
21 2.5
21 1.85
23 1.8
58 3.5
42 2.55
51 4.45
69 4.75
56 3.1
33 3.6
61 5.25
42 3.15
24 1.8
23 1.9
39 2.75
61 2.85
15 1
48 4.25
40 3
73 6.7
33 2.2
46 3.2
20 1.85
47 3
23 1.15
54 4
47 3.4
57 4.9
77 5.1
22 2.6
24 3.35
72 4.25
32 2.3
29 2.9
54 5.5
45 3.65
39 2.55
83 6.3
55 2.6
73 4.85
111 3.6
54 5.45
18 1.35
46 3.25
36 3.3
87 6.85
100 7.75
18 2.6
54 6.05
38 4.5
24 3
32 4.05
41 4.3
47 4.3
41 3.6
50 4.6
25 2.5
10 1
43 4.5
18 1.75
19 2.35
52 3.3
44 3.65
19 2.05
17 1.75
15 1.15
31 3.8
54 5.15
47 4.55
69 4.5
33 3.5
31 4.35
22 2.3
24 2.45
54 4.3
44 2
24 2.5
40 4.6
49 3.95
43 4.15
23 3.65
75 5.45
55 5.65
30 2.5
33 2.47
34 2.64
33 3.64
81 5.8
28 2.56
52 3.58
33 2.49
29 1.91
30 2.27
49 4
46 3.75
33 3.1
43 3.15
33 1.8
32 2.88
36 2.95
19 1.8
24 4.25
31 3.4
22 1.9
20 1.05
33 2.55
37 3.1
33 3.22
48 6.18
33 3.74
30 3.31
32 2.83
47 3.76
38 2.78
32 2.59
32 3.31
22 1.47
33 2.52
48 1.93
34 4.16
40 3.25
24 2.5
52 5.37
33 2.99
33 2.99
44 3.44
39 2.95
34 2.28
86 4.74
30 2.6
110 7.07
44 4.55
23 1.74
32 3.4
35 3.73
26 2.82
33 2.79
30 3.61
24 1.93
32 2.8
17 1.54
24 2.58
24 2.9
24 2.32
27 3.52
48 5.2
35 4.2
55 5.45
32 3.8
33 3.15
32 3.7
95 8.4
32 3.8
49 5.6
43 4.65
51 4.95
40 3.95
30 3.5
45 5
48 3.9
33 2.7
92 4.85
32 2.05
83 5.05
76 4
80 4.1
42 3.4
50 4.95
21 1.5
32 2.95
33 4.39
33 3.25
31 3.43
28 3.4
31 3.22
30 2.65
80 3.88
41 2.77
44 3.03
34 2.86
34 3.69
24 3.49
69 4.05
23 1.86
24 2.53
23 2.27
20 1.85
22 2.49
23 2.77
56 6.05
23 1.35
41 2.86
44 4.75
85 6.09
27 2.88
25 2.7
18 1.5
29 2.8
34 4
15 1.25
35 2.85
33 3
29 2.7
17 2
33 2.4
33 3.2
36 3.7
21 2.4
33 3.25
33 2.75
50 5.35
20 2.85
35 3.1
31 3.1
77 4.2
32 3
45 3.6
39 3
68 3.7
34 3.1
47 3.8
44 2.7
26 2.45
37 2.25
67 4.05
50 4.75
34 2.75
33 4
56 4.85
37 2.4
18 1.45
56 5.95
54 3.15
23 3
20 2.25
19 1.75
48 4.7
34 2.4
61 3.6
48 5
34 2.5
66 4.25
18 2.1
53 3.95
32 2.4
47 3.84
47 4.9
28 2.29
44 4.06
54 5.21
32 2.17
82 4.5
27 2.56
55 5.65
78 4.74
49 3.5
33 3.22
34 3.3
29 2.2
51 3.26
40 3.65
22 1.37
47 2.95
20 2.23
20 1.55
77 4.55
31 2.85
33 3
33 2.7
32 2.05
77 6.1
49 4.25
46 3.3
85 6.4
53 3.8
29 2.3
45 3.5
74 4.15
18 1.6
32 2.95
22 2.5
84 5
57 4.73
91 5
36 4.5
31 2.2
33 2.85
32 2.67
33 3.33
57 4.7
38 3.61
32 3.7
49 4.3
27 3.31
87 5.89
32 3.5
33 3.56
34 3.8
44 4.84
53 7.82
52 5.65
36 3.43
34 3.47
49 5.18
47 7.57
44 4.84
40 6.17
34 4.04
22 2.51
44 4.52
36 4.44
36 3.4
30 4.21
42 5.72
33 2.7
20 2.27
32 3.65
44 3.53
32 3.27
32 3.07
44 5.5
31 2.97
90 4.64
46 3.74
35 3.19
35 3.21
48 3.2
65 4.84
36 3.34
42 3.55
47 4.25
25 2.13
40 3.84
44 3.78
51 4.95
41 3.4
33 2.73
47 3.9
39 3.15
53 4.33
76 6.01
24 2.94
52 3.39
45 3.54
39 3.52
41 2.81
40 3.26
50 4.27
44 3.66
51 8.08
56 5.44
51 5.01
86 5.58
44 4.41
97 9.41
44 5.95
33 2.27
36 4.82
40 3.57
33 3.99
54 6.04
54 3.88
52 5.45
37 3.68
39 4.18
24 2.76
50 4.98
44 4.27
33 3.69
46 4.96
30 3.85
35 3.87
28 2.28
34 3.14
54 5.85
34 3.79
25 2.83
65 6.27
35 4.5
47 5.79
35 4.39
34 5.15
41 4.01
23 2.27
44 5.21
34 2.85
32 6.13
23 2.5
30 3.8
56 4.12
37 3.26
34 4.1
76 6.77
30 3.65
76 6.46
50 5.33
44 4.65
40 4.16
90 8.22
34 4.16
23 2.63
70 6.42
63 5.57
45 5.74
24 2.57
65 7.16
31 2.64
35 4.34
18 1.81
110 6.08
38 2.95
36 3.21
23 2.81
46 5.15
46 4.59
45 5.12
25 3.78
47 5.02
29 3.66
35 3.36
45 4.75
47 4.18
33 2.87
47 4.29
49 3.77
32 3
56 6.71
43 4.4
36 3.27
38 6
43 7.76
21 2.77
27 3.89
31 5.1
49 4.45
56 4.71
48 4.25
79 6.83
32 3.01
45 4.15
33 2.61
34 3.36
33 2.66
63 5.55
32 3.04
41 3.91
44 4.33
54 4.2
35 3.65
45 3.78
88 10.26
52 3.91
40 4.48
30 4.47
60 6.02
43 4.22
56 5
33 3.94
38 4.43
31 2.78
40 3.64
64 6.15
36 3.11
44 4.09
34 4.36
39 3.65
36 3.62
22 2.9
32 2.74
45 6.25
45 5.86
40 5.43
42 6.17
76 10.54
61 7.94
42 6.4
32 4.4
57 7.24
89 5.93
52 5.65
38 5.73
44 5.65
33 5.1
104 5.73
50 5.74
33 4.32
51 5.34
51 5.05
57 6.22
52 5.35
50 6.75
46 5.55
35 3.99
33 1.44
19 1.98
44 3.71
53 4.2
44 2.11
23 2.25
25 1.6
30 3.22
18 1.45
57 4.2
45 4.75
46 3.7
20 2
48 4.09
51 4.49
95 6.93
48 3.75
40 2.9
32 2.53
29 2.57
32 3.61
54 4.92
50 4.11
59 5.05
33 2.39
83 4.27
33 2.48
35 2.21
44 3.9
27 2.05
91 7.7
47 3.39
70 4.11
21 1.35
40 3.77
33 3.36
26 2.29
33 3.96
24 1.85
50 4.26
50 5.55
28 1.94
32 3.21
38 4.23
26 2.23
47 4.26
25 1.62
56 4.36
49 3.12
24 1.69
39 3.91
31 3
48 3.81
49 6.1
32 3.28
48 6.28
20 2.06
23 1.6
48 4.04
48 4.98
56 3.86
28 2.39
79 5.16
49 4.68
47 3.97
18 1.86
34 3.83
26 2.09
24 1.87
30 2.24
32 2.59
16 1.49
31 2.92
34 2.64
25 2.43
34 2.82
38 3.04
77 4.64
33 3.41
74 6.58
33 2.71
33 2.99
23 2.09
23 2.49
20 1.98
32 3.72
32 2.32
23 2.21
23 2.65
37 3.88
32 2.48
46 3.58
29 2.94
32 3.62
48 4.2
41 3.75
34 3.16
53 3.59
23 2.68
43 3.91
45 3.92
29 2.72
26 3.01
20 1.88
29 2.55
100 4.77
42 3.46
59 4.45
61 4.41
23 1.85
27 2.33
32 2.93
75 6
49 3.5
35 3.37
34 2.84
41 2.97
37 2.45
52 3.35
48 3.4
21 1.65
54 4.02
24 3.01
63 4
25 1.7
55 3.5
56 4.25
49 5.57
49 3.14
50 2.78
37 2.51
33 2.59
19 1.29
44 2.85
47 3.24
54 3.48
49 2.9
57 3.46
26 1.62
45 2.25
56 3.2
45 2.53
49 2.1
26 2.15
69 3.56
51 3.02
49 2.35
49 2.16
50 2.81
70 2.54
48 2.32
41 2.3
32 1.99
46 3.2
56 2.09
35 1.89
57 3.34
60 4.11
22 1.95
51 3.18
36 2.45
102 7.31
28 2.76
66 6.86
47 5.25
46 5.19
38 3.88
32 3.24
42 4.59
34 2.76
32 2.86
30 3.86
21 2.88
24 2.98
29 2.21
23 3.15
39 4.94
50 5.03
25 2.58
44 3.61
20 2.14
21 2.24
30 2.79
23 2.77
34 3.89
28 3.73
43 4.09
25 2.39
43 4.14
23 3.62
29 3.7
26 2.41
33 4.48
15 1.73
39 4.2
50 6.14
39 4.7
15 1.52
41 7.11
78 7.77
34 4.23
45 4.35
25 3.86
31 4.85
34 4.57
15 1.6
46 5.57
34 3.93
38 6.6
27 2.6
46 6.23
45 5.7
33 4.44
27 3.12
18 1.49
31 3.5
31 4.51
31 3.47
36 2.3
36 3.64
47 3.62
24 3.41
36 3.04
26 2.43
33 2.71
25 2.23
58 2.85
35 3.08
25 5.71
33 3.11
39 4.49
56 5.25
31 3.35
23 2.49
29 1.63
26 3.12
36 3.58
28 2.15
30 2.39
25 1.6
19 1.49
41 3.49
30 2.39
32 3.18
33 2.61
94 6.59
30 2.48
39 3.82
19 1.9
15 2.03
33 2.86
26 2.29
32 3.28
33 3.45
36 3.59
36 2.51
35 2.52
25 1.59
53 4
26 1.65
28 1.5
26 2.09
16 0.99
26 1.65
20 1.39
27 2.14
32 3.39
78 6.84
19 0.91
30 2.4
81 5.44
44 3.5
35 2.16
27 1.79
20 1.74
39 2.89
25 1.38
38 4.01
30 3.39
34 3.65
35 3.14
45 4.09
81 4.41
30 1.77
35 2.69
95 8.48
67 5.42
25 2.07
50 4.11
31 2.37
24 1.59
71 4.11
32 3.18
28 1.62
58 3.94
46 4.5
28 2.25
26 1.85
25 2.65
22 1.48
37 3.24
19 1.71
63 6.79
46 1.21
21 1.51
99 5.83
32 2.31
65 3.13
35 2.81
26 3.36
40 3.64
27 2.57
32 2.95
36 2.83
32 2.61
25 2.85
21 2.71
25 2.42
22 1.16
23 2.61
66 5.55
24 2.7
25 1.81
33 2.27
28 1.67
56 3.43
29 3.73
30 2.35
35 3.41
32 2.53
35 3.2
18 1.79
34 4.04
94 4.25
49 3.55
46 3.21
31 2.73
87 4.69
35 2.85
22 1.89
74 3.09
48 2.83
44 3.27
60 3.06
58 3.57
28 1.8
33 1.96
34 3.05
23 1.86
34 2.01
52 4.1
52 4.23
51 3.46
61 4.3
23 2.16
54 4.36
81 4.52
43 4.61
59 4.24
45 2.7
90 3.91
56 3.6
53 2.72
48 2.92
55 3.18
38 3.35
30 2.2
33 2.01
30 1.8
30 1.71
27 2.39
60 3.9
54 3.56
51 2.96
26 2.27
51 3.73
49 2.8
50 2.86
46 2.95
59 3.93
68 3.74
23 2.25
38 2.95
30 2.95
48 3.91
116 8.04
21 1.91
36 3.23
23 2.29
22 2.18
28 2.86
25 1.45
44 3.39
34 2.68
26 2.02
78 4.34
34 2.95
67 3.34
44 2.83
47 4.62
63 3.36
55 4.65
39 1.78
66 3.49
29 2.17
43 2.77
56 5.69
22 1.2
26 2.09
60 3.64
32 4.77
57 2.48
33 2.85
34 3.19
36 2.89
20 1.1
37 2.79
26 2.5
36 2.99
25 3.17
34 4.82
59 5.1
30 3.07
26 2.89
18 1.72
29 2.42
26 3.08
90 4.11
26 3.98
20 2.03
29 3.85
36 4.4
24 1.86
51 4.82
18 1.28
35 2.12
34 3.22
37 3.28
18 1.94
21 1.92
35 2.71
27 2.44
45 3.29
28 2.73
26 2.75
25 2.27
33 2.52
42 3.64
32 2.7
59 3.95
44 2.93
53 4.59
32 4.18
22 1.96
33 3.32
24 2.5
28 2.26
27 2.26
51 5.04
49 4.49
34 2.61
25 2.52
22 2.29
30 2.66
20 1.81
20 1.7
21 1.65
25 2.62
45 3.6
34 3.47
34 2.99
34 3.79
37 3.34
33 2.68
25 2.16
33 2.67
34 3.58
21 1.61
32 3.2
54 4.3
26 2.08
57 4.31
34 2.49
57 3.46
20 1.42
37 2.71
34 3.06
47 3.44
34 1.97
43 2.6
34 2.98
33 2.72
50 3.45
85 5.43
32 2.03
45 2.95
39 3.01
52 3.71
25 4.22
24 2.1
62 5.18
27 2.54
27 3.04
53 5.71
25 2.29
36 3.91
18 2.05
70 5.11
51 4.92
26 3.21
36 3.24
31 3.09
23 1.95
16 1.81
23 1.76
28 2.49
33 4.51
21 2.09
31 3.01
37 3.08
15 1.67
33 3.25
34 4.3
19 1.41
35 3.17
83 9.4
33 2.81
37 2.84
50 3.67
21 2.05
34 2.14
48 5.1
35 2.76
27 2.02
36 2.76
20 1.76
44 3.11
45 3.85
27 1.66
109 4.4
23 2.59
51 3.88
34 2.64
34 3.35
96 5.87
34 1.83
46 3.94
47 3.31
32 2.61
34 4.25
28 3.3
33 3.52
16 2.07
46 5.1
20 2.04
32 2.9
23 2.29
24 2.85
38 3.96
59 4.25
27 2.72
21 2.72
21 2.25
37 3.95
58 4.91
52 5.66
27 2.96
22 2.3
24 1.91
54 4.65
34 2.99
20 1.77
29 2.82
35 3.6
46 2.6
46 5.99
23 1.96
52 3.09
25 2.34
24 2.97
50 4.43
40 3.6
34 4.04
41 3.34
49 4.77
27 1.76
34 3.21
34 3.79
19 1.89
48 3.14
31 2.52
32 2.4
31 3.01
36 2.35
20 2.07
49 2.15
73 5.4
46 2.63
54 2.35
74 3.92
51 3.02
55 3.05
52 2.89
40 2.02
24 2.13
21 1.71
34 4.32
36 4.34
34 4.01
22 2.51
22 2.42
40 3.9
31 2.08
24 2.3
35 2.4
47 3.6
34 4.9
41 3
23 2.2
53 3.85
21 1.8
74 5.5
42 2.9
32 1.9
83 3.8
46 3.45
46 3.5
41 4.95
49 4.4
27 1.45
21 2.2
58 5.4
43 3.9
19 1.15
54 4
16 1.7
22 1.9
39 2.75
44 4.4
45 3.15
36 2.8
85 6.29
50 3.99
84 5.05
33 2.3
36 2.73
33 2.45
23 3.43
47 4.23
35 2.42
52 4.74
49 4.28
37 2.36
109 5.78
42 4.35
49 6.35
49 4
18 0.81
28 1.55
56 5.59
32 1.39
49 4.24
32 3.1
44 3.95
30 2.59
43 3.18
24 2.54
40 3.66
50 3.98
97 3.94
96 5.09
55 3.01
53 4.15
23 2.24
34 2.75
29 2.09
22 2.14
44 4.04
56 3.75
71 3.68
98 7.3
27 1.78
52 3.88
47 2.49
36 3.1
50 2.99
25 2.16
22 2.4
51 4.26
57 4.58
40 3.84
58 4.45
50 4.55
59 3.86
54 3.45
34 3.3
55 3.31
44 3.41
39 3.06
35 2.85
42 4.66
50 4.29
56 7.27
51 4.32
38 3.66
32 3.56
50 3.5
60 5.1
51 3.1
24 1.9
102 7.45
58 3.05
19 1.8
41 3.45
52 4.35
26 2.5
52 3.74
60 4.25
44 3.05
53 4.65
36 2.83
35 4.13
89 4.33
88 3.22
53 4.35
89 4.3
67 5.57
26 2.2
28 3.41
22 2.85
43 4.1
45 5.7
22 2.95
36 4
52 3.85
65 6.45
35 3.55
43 3.4
28 2.65
59 6
16 1.35
22 2.3
22 2.3
23 2.2
32 3.23
47 3.37
36 2.23
48 4.19
78 4.5
82 5.62
35 2.63
32 2.21
35 2.27
47 3.83
85 3.81
57 5.26
32 2.43
31 2.39
37 2.42
72 4.9
51 3.54
47 2.63
44 2.83
21 1.45
49 3.85
36 3.48
30 2.86
30 2.15
20 2.64
30 2.37
28 2.19
96 4.25
15 1.62
57 3.69
20 2.89
77 4.9
31 3.12
32 2.5
23 2.6
35 2.13
22 1.17
34 2.92
25 2.29
46 2.31
20 1.1
33 2.81
30 2.32
23 2.02
33 2.29
21 1.21
32 2.18
47 3.14
18 1.15
17 0.82
27 2.96
29 2.89
23 2.29
53 4.8
34 2.34
23 1.96
33 2.55
76 4.3
28 3.18
58 4.87
32 2.98
26 2.21
22 2.36
55 5.08
48 3.71
55 3.55
32 2.54
49 3.3
32 3.05
29 2.1
37 2.88
35 2.72
80 4.55
33 3.3
22 1.45
24 1.82
32 3.19
43 3.53
52 3.78
23 2.02
17 0.79
23 1.77
34 3.21
35 4.06
26 2.39
23 2.55
25 2.08
65 6.6
49 3.86
32 3
25 1.83
16 1.02
51 3.14
24 1.89
40 3.4
34 3.26
34 3.18
59 4.59
33 2.91
26 3.84
24 2.15
18 1.49
33 2.09
24 2.48
30 3.59
35 3.17
38 2.76
33 3.55
52 4.34
32 2.85
20 1.6
46 4.17
25 2.48
36 3.18
52 3.99
51 5.11
26 2.79
22 2.33
28 3.61
20 1.55
27 1.94
27 2.49
20 2.25
20 2.14
27 2.97
34 3.31
34 4.5
25 4
34 3.22
34 3.42
28 3.11
36 5.29
20 1.7
36 3.13
32 2.96
33 3.35
39 3.55
37 2.9
26 3.5
78 5.05
21 2.49
32 2.81
22 2.99
34 1.93
19 2.9
30 4.78
46 5.11
18 2.25
50 5.91
16 1.43
48 5.41
22 2.33
50 5.3
41 4.67
71 5.95
25 2.66
42 5.9
19 2.84
71 4.9
35 3.41
58 4.61
18 1.94
25 3.08
21 2.26
24 2.51
42 3.84
24 2.71
53 3.79
24 3.74
50 3.99
31 2.44
25 2.8
22 2.5
44 3.5
32 2.97
91 4.35
58 2.6
67 3.83
65 2.97
57 3.6
84 5.8
28 1.77
45 2.19
50 4.39
61 9.12
47 4.08
43 4.27
44 4.18
51 3.77
56 4.55
48 3.29
38 2.22
47 4.72
38 3.53
45 3.85
50 2.8
20 1.78
56 5.7
102 4.64
44 3
59 3.85
44 2.93
46 2.49
52 3.95
24 2.3
58 4.3
34 3.61
50 3.48
27 3.86
33 2.66
27 3.23
76 5.02
59 4.56
25 1.83
53 4.9
21 2.24
18 2.01
50 4.25
50 4.57
22 2.02
17 1.83
22 1.89
21 1.99
50 4.61
57 2.41
61 2.89
55 3.01
22 1.18
24 1.19
31 2.71
47 6.75
22 2.09
79 3.3
17 1.96
23 1.68
52 3.91
50 6.22
92 4.45
22 1.86
22 1.88
50 3.35
32 3.19
46 3.15
25 1.42
59 4.31
49 3.02
27 2.87
21 1.78
54 3.44
26 2.05
20 1.55
43 2.85
22 1.99
15 0.77
29 2.11
22 1.69
46 3.1
21 1.24
36 2.79
33 2.47
22 2.32
32 3.03
53 4.8
42 3.35
50 4.69
22 2.35
19 1.54
87 4.9
37 3.36
26 2.66
26 2.64
32 2.85
36 2.6
42 4.29
85 8.15
57 4.07
46 3.47
25 1.73
41 3
52 4.23
86 6.34
45 3.8
31 3.01
60 4.23
32 2.8
34 3.76
27 1.18
30 3.52
32 2.99
77 5.72
18 1.39
21 2.39
34 2.89
28 2.17
20 1.76
37 2.71
27 2.85
80 8.6
34 2.79
36 3.59
58 5.02
25 2.46
36 2.87
30 2.82
33 2.97
22 2.25
33 3.19
36 3.42
19 1.7
28 2.43
46 4.61
28 2.6
23 1.86
37 3.74
53 5.2
21 1.96
23 1.99
50 3.19
34 3.06
31 2.98
25 1.91
26 2.91
19 1.92
33 2.5
26 2.01
29 2.58
25 2.2
24 2.94
35 4.81
24 1.91
12 0.81
17 2.23
19 2.41
26 4.51
34 2.87
30 2.75
33 3.05
49 4.69
27 2.65
19 1.82
37 2.98
17 2.1
42 4.63
22 2.2
33 3.39
33 3.26
26 2.81
25 2.32
33 3.07
33 3.14
27 2.84
23 1.91
36 2.98
35 3.15
33 2.58
36 3.77
15 1.63
28 2
71 4.37
25 2.3
50 4.22
34 3.5
26 3.28
34 4.8
26 2.83
25 3.05
22 2
33 3.53
26 1.82
35 1.38
21 3.94
36 3.63
23 2.64
33 3.81
47 4.01
18 1.56
27 2.94
19 1.09
27 2.67
18 2.15
24 2.76
27 2.29
53 4.71
36 3.01
30 2.61
62 4.89
36 3.11
27 2.46
17 2.21
23 2.71
38 3.51
36 3.71
23 0.66
27 1.78
30 3.17
27 2.26
25 2.51
24 2.49
22 2.3
35 4.1
20 1.71
39 3.78
15 0.65
23 1.64
29 2.49
22 1.69
21 1.68
21 1.65
34 3.19
22 1.42
23 2.12
78 5.15
34 3.1
20 2.19
58 4.76
20 1.74
36 3.67
36 2.86
35 2.84
47 3.68
15 1.59
33 2.39
22 1.52
23 2
47 4.08
49 4.25
29 2.49
36 3.64
52 3.07
38 3.72
20 1.49
53 3.71
30 2.82
26 3.04
27 2.15
34 3.1
34 2.3
47 3.35
25 2.41
25 1.49
19 1.79
47 3.55
18 1.01
36 3.45
30 2.57
32 3.38
25 2.68
21 2.45
21 1.79
20 1.72
26 2.69
21 1.94
88 11.12
21 1.55
26 2.01
20 1.71
17 1.09
37 3.73
35 2.82
26 2.54
24 1.67
50 4.2
44 4.35
25 2.35
49 5.07
34 3.94
53 5.05
33 3
17 1.75
37 3.29
33 2.84
35 3.67
26 2.85
34 3.11
31 2.3
35 2.29
13 0.45
47 6.7
36 2.69
37 2.82
21 2.65
39 4.3
21 3
36 3.3
35 4.35
23 2.21
20 3.02
89 5.74
29 2.88
35 3.35
19 2.28
24 2.38
25 2.5
104 7.26
18 3
49 3.6
34 3.3
48 4.57
29 1.84
22 2.35
60 3.83
22 2.2
49 3.17
50 3.45
59 3.94
48 3.26
50 2.84
51 3.54
16 1.3
54 2.87
54 3.79
21 1.8
44 3.47
55 4.45
52 3.24
31 2.32
42 3.51
30 3.39
37 4.23
53 3.49
33 4.75
21 1.95
28 3.07
47 4.85
50 5.45
55 6.1
55 4.4
48 4.53
68 4.9
29 3.4
47 3.56
17 1.7
49 4.35
45 4.41
20 2.08
24 2.85
20 1.76
18 0.93
18 1.49
19 1.4
18 1.77
23 1.84
20 1.91
18 0.99
17 0.78
30 3.12
85 5.8
22 2.16
49 5.06
44 4.06
20 2.34
51 5.75
22 2.8
44 4.36
35 4.71
32 3.85
20 1.99
46 5
33 3.8
20 2.53
25 3.11
20 2.35
40 5.39
36 4.65
31 3.33
27 3.25
82 6.42
49 6.95
53 6.39
18 3.15
64 6.13
39 5.75
35 4.94
95 7.13
42 6.93
36 4.35
41 4.48
31 4.3
16 2.07
26 3.01
32 3.67
16 2
19 1.9
16 2.25
17 1.79
86 5.79
52 4.47
48 3.99
52 4
48 3.81
18 1.15
46 3.45
44 3.52
45 4.71
36 3.56
37 3.02
49 3.56
59 3.87
33 2.34
23 1.88
32 3.14
50 3.81
59 8
30 3.26
42 3.12
21 2.31
21 2.29
48 3.86
38 2.8
60 5.44
35 3.4
21 1.92
50 4.3
46 3.58
26 3.01
32 3.84
36 4.25
37 3.88
27 2.9
23 1.86
27 3.27
77 5.86
37 3.55
21 1.81
41 3.85
32 2.83
35 3.84
32 3.35
36 3.66
51 3.56
18 1.35
34 3.09
37 2.71
35 3.28
68 6.7
39 3.87
36 3.1
39 3.46
104 11.27
35 4.38
35 3.86
19 1.34
40 4.36
35 2.87
50 4.35
45 3.59
28 2.26
51 3.5
34 2.99
70 4.52
23 1.98
37 2.96
28 2.99
27 2.29
35 2.57
46 3.64
52 2.93
21 1.92
27 2.12
29 2.4
50 3.71
49 3.4
46 3.34
35 4.11
28 2.25
44 3.66
47 5.24
58 4.61
53 3.04
47 5.65
47 3.67
27 2.65
85 5.16
33 3.26
47 3.74
36 2.65
36 3.06
48 3.37
17 1.82
51 4.55
35 2.89
75 5.24
102 5.6
34 2.77
43 3.52
17 1.5
46 4.55
32 3.59
47 6.29
27 3.06
44 5.5
54 6.68
50 4.48
46 4.95
37 4.37
54 5.85
41 5.79
33 3.2
33 5.52
50 4.07
28 3.86
34 3.63
17 1.79
51 5.7
34 3.2
29 2.45
38 3.77
85 6.1
46 3.78
60 4.85
17 1.94
44 5.3
73 5.79
70 5.2
37 3.43
35 3.7
73 5.14
21 1.64
46 3.9
39 3.02
41 3.91
93 5.12
52 4.45
45 3.75
27 3.4
36 3.84
28 4
35 3.59
42 4.5
53 6.23
28 2.74
86 5.92
35 3.91
33 3.89
61 7.41
17 2.06
37 3.43
26 3.65
36 3.06
53 4.13
34 3.49
79 5.21
55 4.5
50 3.92
17 2.55
46 5.35
60 7
34 2.6
16 2.23
19 2.33
46 4.91
41 4.85
36 4.05
34 4.58
82 8.56
52 5.61
32 4.29
47 4.55
47 3.52
54 4.86
36 4.53
37 4.43
37 4.35
38 3.45
20 1.89
36 4.54
18 3.26
65 4.25
28 2.83
90 6.76
31 3.49
51 5.56
31 2.94
42 4.05
40 3.95
30 2.76
26 2.89
29 2.7
48 3.66
46 4.64
34 3.77
55 5.53
30 4.9
18 2.39
56 4.99
97 5.8
37 5.1
47 4.58
44 4.61
25 2.91
52 6.45
35 3.94
19 1.75
47 4.2
20 2.81
103 6.24
37 3.46
33 2.55
41 3.03
53 3.35
39 3.8
48 3.64
35 3.55
48 4.15
92 5.8
31 2.63
88 4.9
50 5.12
49 3.21
29 2.55
48 3.4
48 4.56
35 3.74
47 4.22
49 4.25
23 2.42
96 4.8
42 3.29
80 5.6
58 5.44
18 1.46
81 6.42
35 3.1
30 2.36
30 3.69
43 4.45
36 2.67
52 4.27
36 2.78
49 3.75
48 4.52
44 5.1
36 3.79
18 2.52
17 2.25
80 5.5
43 3.68
35 3.22
55 3.56
43 3.92
44 4.32
22 2.71
35 2.7
62 4.94
105 4.9
20 1.85
44 3.39
46 6.31
37 3.68
36 4.49
36 4.32
53 5.2
34 3.76
36 4.06
50 4.55
38 4.2
43 2.6
22 2.65
36 4
44 3.75
35 4.21
39 4.16
36 3.44
39 4.5
52 4.15
18 2.05
18 1.84
58 5.62
80 11.5
20 2.19
29 3.21
30 3.1
35 4.74
22 2.68
79 6.9
100 6.5
31 3.81
24 2.45
16 1.64
25 2.41
38 4.25
31 3.31
88 8.1
35 4.47
23 3.09
45 4.99
40 3.12
49 6
50 4.34
34 2.95
38 4.85
51 4.14
29 3.31
38 4.1
56 6.11
51 5.02
39 3.68
53 3.44
32 3.62
22 3.26
47 4.85
39 4.29
39 3.8
56 4.53
35 3.4
79 6.13
23 2.86
47 4.08
35 4.3
56 5.27
40 3.29
16 2.01
81 6.48
32 3.42
18 1.84
33 3
58 3.6
47 3.2
47 3.3
45 3.75
31 2.4
26 2.55
59 3.4
49 3.1
98 3.95
26 2.75
54 3.4
62 4.3
20 1.3
53 4.35
77 5.2
23 1.8
35 3
61 3.45
49 3.85
23 1.45
25 2.45
33 2.95
14 1.2
45 3.8
40 4.25
40 4.85
84 4.9
39 3
28 2.75
28 4
29 2.7
25 2.95
29 2.65
28 3.2
35 3.15
22 2.65
28 3.1
36 3.4
31 2.9
57 4.9
80 4.8
28 3.05
40 3.75
23 3.1
62 5.7
46 3.85
21 2.4
89 5.65
37 3.5
43 3.9
40 4.05
21 2.3
34 3.95
52 5.65
25 2
51 5.65
33 3.4
49 5.1
40 4
32 2.65
54 5.75
24 2
51 3.7
31 3.05
24 2.1
60 3.6
25 1.9
27 2.9
54 3.4
38 3.7
21 2.25
26 2.3
53 3.4
26 2.4
40 3.55
52 4.5
25 2.15
89 6
60 5.45
18 1.7
51 4.25
22 2.95
24 2.6
40 3.3
20 2.85
22 3
47 4.5
24 1.95
48 4.15
51 4.1
27 2.3
22 3.9
32 2
27 2.05
32 3.05
16 1.4
28 2.95
22 1.9
18 1
35 4.2
28 1.85
26 1.4
35 3.05
36 2.7
36 3.25
24 2.25
21 2
20 1.9
22 3.05
22 2.4
22 2.15
22 2.65
51 3.45
26 3
54 3.75
24 2.7
50 4.5
24 2.3
48 3.85
16 1.9
87 4.65
50 4.6
23 2.7
21 2.6
37 4
36 3.05
25 3.1
22 2.3
45 4.05
88 5.15
16 2.1
77 4.95
47 4.1
39 3.7
83 6.9
50 4.75
38 4
17 1.8
16 1.8
47 4.1
51 5.05
24 3.05
39 3.7
105 6.67
35 4.26
84 6.03
18 2.38
95 6.22
46 7.53
60 6.35
58 7.56
32 4.96
27 4.04
31 5.05
73 6.37
80 7.35
26 3.19
37 4.56
35 4.39
43 6.56
37 5.76
97 5.64
52 6.85
36 5.01
19 2.74
39 4.21
48 8.03
45 6.01
70 9.4
37 5.01
37 4.29
35 3.29
36 5.12
68 5.92
95 7.42
37 4.14
83 5.46
18 2.56
48 5.24
39 5.05
18 2.16
52 7.65
54 6.72
28 4.06
103 6.77
28 2.95
55 4.94
32 3.21
48 5.89
41 5.55
50 6.82
52 4.97
65 6.21
27 3.9
51 5.15
43 4.65
22 2.38
51 5.84
84 8.88
19 2.91
38 4.78
40 5.57
41 5.41
22 3.17
92 7.34
44 5.3
25 2.6
43 5.39
42 2.48
39 3.12
27 2.79
38 5.55
17 2.4
32 2.68
77 3.73
33 4.72
47 6.3
37 5.16
34 4.87
52 4.72
46 4.13
35 3.55
32 5.31
41 5.1
52 5.19
36 4.74
17 2.34
25 3.42
30 2.56
18 2.13
34 4.02
23 2.39
38 2.77
42 4.8
36 5.2
34 3.88
24 1.87
18 2.72
88 9.62
39 4.67
45 3.71
55 5.31
21 2.59
31 4.25
42 6.5
47 4.32
33 3.57
64 6.23
45 4.61
18 1.73
81 4.6
38 4.1
48 5.19
21 1.76
39 3.31
35 3.67
55 5.45
52 4.55
31 3.7
34 3.35
26 2.85
35 3.39
23 2.25
42 4.4
54 5.21
46 4.53
46 4.22
19 2.24
34 4.51
50 4.3
48 4.9
26 2.92
44 4.3
49 4.79
38 5.3
34 3.69
32 2.47
93 9.3
41 3.36
42 4.39
72 6.7
33 3.75
34 3.72
26 3.2
27 3.16
36 3.7
29 4.28
32 4.97
56 5.6
36 3.56
43 4.42
52 8.1
55 6.45
22 2.59
40 4.5
35 4.85
47 4.15
17 1.75
64 7
28 4.06
19 2.01
39 2.79
26 2.16
47 3.47
37 3.32
18 1.84
32 3.1
49 3.76
36 2.85
64 6.04
36 6.5
21 3.61
47 4.46
19 2.13
36 4.82
28 4.69
24 1.99
30 3.88
50 1.74
43 5.94
53 4.75
25 3.13
51 4.14
23 2.85
40 3.97
23 3.5
32 2.53
42 3.32
47 3.86
60 4.58
45 3.79
54 4.37
41 3.22
44 3.07
68 5.54
111 4.64
53 4.8
56 5.27
52 3.69
58 5.04
36 2.95
37 4.86
55 4.72
28 2.25
52 5.99
38 4.69
61 5.37
45 4.83
38 4.54
61 4.08
43 4.44
60 4.04
42 4.49
32 3.13
62 6.85
45 5.01
50 3.54
25 2.75
45 5.39
26 2.54
28 3.45
57 5.43
53 3.98
52 3.76
70 6.12
64 4.85
24 2.29
39 2.8
45 3.57
47 2.68
27 4.71
52 5.12
31 3.57
31 2.95
38 4.8
28 3
103 8.93
60 5.28
50 4.69
47 3.6
26 2.75
70 4.17
29 2.73
63 7.3
36 3.8
39 3.65
41 4.05
26 2.36
56 3.95
27 2.64
35 4.22
51 4.96
59 5.23
25 2.7
45 3.77
26 2.85
80 4.4
56 5.31
20 2.54
49 4.8
64 6.98
54 5.01
23 2.49
40 3.12
28 3.79
39 4.25
54 4.82
56 3.4
54 4.48
54 6.52
26 2.73
28 3.7
23 2.92
60 4.07
59 3.53
67 4.81
28 2.93
42 3.11
30 2.78
31 5.29
28 3.51
31 2.2
34 2.32
55 6.11
31 3.62
17 1.72
51 3.41
62 5.75
43 2.81
29 2.94
37 3.22
27 2.26
56 4.52
26 2.37
42 3.28
50 3.76
56 4.25
42 3.73
37 4.09
32 3.77
39 4.14
54 4.86
95 10.23
40 5.49
38 4.59
61 8.03
58 6.18
54 5.36
57 6.2
96 10.25
24 3.23
36 3.79
28 4.13
49 4.37
56 5.27
107 7.31
49 6.33
101 6.42
55 5.81
23 4.61
41 4.77
40 4.56
51 5.73
54 5.56
83 7.62
38 4.18
21 2.15
46 5.63
20 2.64
31 4.31
24 2.72
46 5.59
47 5
23 3.01
52 5.52
52 5.52
33 4.35
33 3.06
48 5.68
49 5.94
53 5.55
53 6.23
21 2.42
51 5.58
38 5.07
21 2.38
44 4.88
67 6.96
48 3.71
55 5.61
40 4.6
42 3.58
44 4.97
46 4.62
48 6.07
36 3.66
22 3.03
53 4.9
60 4.1
24 4.59
40 5.19
52 3.53
31 2.93
40 3.51
53 4.8
53 4.04
36 3.67
66 6.63
51 3.86
63 4.88
48 4.21
42 3.98
35 3.98
42 3.57
35 6.03
46 3.93
36 5.24
29 2.59
46 3.38
45 3.87
40 4.85
21 2.23
42 3.57
38 3.28
47 4.78
48 3.88
55 5.01
48 4.29
49 3.74
31 2.57
48 4.24
29 3.39
50 5.35
49 4.69
34 3.56
52 5.38
29 4.08
28 3.53
61 4.93
41 3.52
48 3.81
44 6.28
43 3.54
50 4.69
39 3.03
22 2.07
47 3.36
39 3.57
56 3.91
36 4
50 4.23
36 4.49
42 4.16
39 3.77
30 4.73
52 4.39
38 3.7
48 4.5
46 5.11
21 2.31
34 3.38
48 3.92
21 2.73
33 3.91
50 4.75
52 4.93
30 3.19
21 1.95
26 3.21
33 2.68
48 4.6
48 4.73
46 3.56
22 1.8
35 2.88
50 7.33
62 6.68
39 4.16
43 5
44 5.77
21 2.83
43 3.82
40 4.25
63 8.72
45 4.73
87 9.67
32 3.41
47 5.31
32 2.23
28 3.19
48 4.32
41 5.15
39 3.13
22 2.53
43 3.84
43 4.92
78 5.9
42 4.53
48 4.3
33 5.25
50 4.93
38 3.76
59 5.45
38 4.38
38 6.1
53 4.21
52 5.51
49 4.59
66 5.64
32 3.72
34 3.58
37 3.21
19 1.1
37 5.24
31 3.2
45 3.91
40 3.67
56 4.1
33 4.64
63 3.96
38 3.3
27 4.33
47 5.23
37 3.76
88 6.8
26 2.7
26 2.1
23 5.18
44 4.6
46 2.56
45 3.68
48 4.92
41 3.96
50 4.52
21 2.54
21 2.64
21 2.12
21 2.42
62 6.22
40 5.98
22 1.66
40 3.8
66 5.22
21 2.04
36 4.6
30 3.32
42 4.16
69 5.86
52 5.16
22 1.84
52 5.64
20 2.44
38 4.04
43 3.56
36 3.14
22 2.84
22 1.82
45 6.5
22 1.82
23 1.96
54 4.29
34 2.4
46 4.12
38 3.56
67 5.61
45 4.07
67 5.68
55 4.71
42 3.54
32 3.55
49 6.03
31 2.94
43 4.67
48 5.43
23 2.03
60 6.46
43 6.59
40 5.68
41 3.87
71 6.65
41 4.68
23 2.82
39 6.07
40 3.73
23 3.2
22 2.2
26 4.25
56 4.95
40 6.18
46 4.48
42 5.61
35 3.76
49 4.84
53 5.72
43 4.22
24 3.1
22 2.48
42 4.71
60 3.38
42 5.28
39 4.1
45 3.88
44 3.81
25 2.56
40 2.39
39 3.45
50 4.27
23 2.32
36 2.57
58 4.14
35 3.19
61 5.57
40 3.69
50 4.64
39 4.16
28 2.24
36 3.44
39 4.85
28 3.16
45 4.34
22 1.99
45 4.12
33 2.64
54 4.36
27 2.61
22 3.23
41 4.98
23 2.49
23 1.38
64 3.54
66 5.5
76 5.21
35 2.64
53 7.72
57 4.66
50 6.07
22 3.67
31 2.31
84 6.59
41 4.97
53 4.45
54 4.85
60 6.14
64 6.12
26 3.73
24 2.96
87 6.39
25 2.06
44 4.28
28 2.05
42 4.47
30 3.62
32 2.05
49 5.08
30 2.48
20 1.64
34 2.42
33 2.92
30 2.31
56 4.24
30 2.89
37 2.44
67 5.58
31 2.85
40 2.94
58 3.88
62 5.01
50 3.15
50 4.11
19 1.96
41 2.95
25 2.04
54 2.88
44 2.58
28 2.21
23 2
53 3.5
85 4.89
28 3.05
23 2.2
50 5.96
43 3.44
54 4.5
18 1.62
64 4
24 2.72
53 8.96
33 4.19
25 3.66
54 4.19
55 5.45
31 5.24
22 3.11
22 2.81
48 4.64
59 6.46
42 5.85
25 3.95
24 2.72
22 2.84
29 4.59
49 4.86
59 6.43
31 3.86
50 5.36
35 3.97
28 2.84
37 3.98
24 3.12
41 5.16
33 4.33
47 7.59
37 4.31
63 8.32
20 2.93
24 3.53
31 4.46
26 4.12
18 2.23
42 4.76
43 6.15
34 4.09
22 1.71
24 2.18
48 5.48
41 5.91
47 6.26
32 3.77
22 2.72
39 5.04
55 6.04
42 4.83
101 8.84
39 5.24
41 3.77
22 2.11
59 6.53
35 5.41
32 3.75
31 3.96
25 3.12
42 4.63
24 1.89
21 3.04
51 7.64
17 2.05
23 2.65
27 2.8
20 2.67
29 2.67
40 4.71
94 5.67
51 5.81
28 3.1
34 2.49
28 2.02
26 3.24
23 2.17
29 2.34
30 2.82
26 2.87
46 3.04
31 2.58
21 2.52
23 2.22
46 3.91
47 3.4
50 4.21
26 1.92
53 3.21
23 2.6
26 2.04
59 5.32
41 2.74
33 3.57
34 3.43
46 3.05
56 3.37
53 3.16
22 3.41
40 2.37
82 4.3
30 3.96
71 4.97
32 4.58
51 5.91
50 6.16
39 5.91
41 4.71
52 4.61
42 5.25
29 3.02
92 5.28
30 3.63
49 4.76
42 3.82
45 3.06
53 8
25 3.34
22 3.05
26 1.94
23 3.28
40 5.02
22 3.09
32 2.73
25 3.51
22 2.86
23 2.98
23 3.01
35 6.3
24 3.17
34 4.31
23 3.32
23 3.21
22 3.33
24 2.85
50 7.28
44 5.47
54 5.5
41 5.55
32 4.46
40 4.61
34 5.49
22 2.48
49 7
40 4.96
55 6.25
50 7.74
23 1.99
34 5.03
42 4.62
50 7.01
45 5.04
40 4.99
39 3.89
43 4.39
41 4.94
32 3.87
54 5.02
48 5.86
59 6.27
55 4.85
53 4.79
41 4.4
60 5.86
38 5.09
104 7.55
33 4.32
54 8.11
23 2.51
54 6.63
41 3.78
51 4.46
52 6.15
29 2.88
24 2.62
109 9.2
20 2.61
45 6.96
31 4.64
41 6
24 2.83
79 5.46
23 3.09
30 2.8
25 3.71
35 4.64
28 3.76
24 2.47
40 5.21
44 5.78
39 4.55
50 5.54
50 4.79
76 7.37
24 2.5
41 6.48
50 4.67
42 4.4
27 4.32
34 3.99
37 5.53
34 4.69
61 7.1
49 5.18
48 5.07
79 7.22
24 3.7
23 2.59
26 3.05
46 4.61
25 3.03
27 2.31
54 5.28
28 3.8
32 4.72
55 7
24 2.65
51 6.34
84 4.92
23 2.37
64 6.4
26 1.94
21 1.86
24 2.16
38 4.74
38 4.24
40 5.06
27 3.46
47 6.96
55 5.02
34 4.23
46 5.61
44 4.24
28 2.39
27 2.84
49 4.94
64 6.77
51 8.37
45 6.52
25 4.65
40 4.66
99 8.83
27 3.57
28 4.42
24 4.85
27 3.32
30 4.2
44 5.28
58 7.36
61 5.93
87 4.36
47 4.32
54 3.96
58 4.8
51 5.08
58 3.9
56 5.14
59 4.94
29 3.04
50 4.66
27 3.1
26 2.62
34 3.82
23 1.82
28 2.42
28 2.88
28 2.8
28 2.6
44 2.84
38 3.6
30 2.42
39 2.7
42 4.12
36 2.1
34 2.34
22 1.72
24 2.3
31 2.7
29 2.76
39 2.3
36 3.38
18 2.14
33 3.12
31 3.86
33 2.88
26 2.7
34 2.7
27 2.11
41 3.13
54 3.29
39 3.44
31 2.67
39 2.96
41 4.84
30 2.44
30 2.06
43 4.24
79 5.22
60 3.84
32 3.12
45 3.76
35 2.94
31 3.16
24 2.18
19 4.28
41 3.22
35 4.38
63 3.86
55 2.84
40 3.56
32 2.82
70 9.36
42 2.8
31 2.2
34 3.66
52 4.22
42 3.44
51 4.3
36 3.78
37 2.74
40 3.26
37 3
40 3.26
40 3.56
39 3.32
27 2.99
29 3.1
37 3.38
36 3.49
65 4.65
30 2.89
44 4.42
54 4.07
34 3.78
48 3.87
25 2.42
41 3.86
18 1.66
18 2.18
31 2.73
54 4.49
27 2.7
28 2.92
54 5.46
52 4.31
54 3.52
37 3.3
99 4.18
28 3.09
42 4.8
39 3.93
32 3.91
29 2.87
37 4.77
54 4.83
29 2.93
39 4.76
31 3.01
34 2.27
56 4.17
60 4.28
28 2.83
26 2.76
33 3.08
93 6.05
35 2.28
26 2.21
32 3.19
31 2.03
83 6.12
29 1.83
29 2.84
43 3.78
48 3.65
43 4.32
55 2.77
61 2.86
58 2.76
50 2.73
29 2.58
35 2.16
70 4.36
44 2.73
18 1.29
32 2.55
29 2.35
18 2.4
28 2
30 1.95
33 2.62
30 2.68
33 2.33
54 3.24
51 3.11
52 3.6
16 2.14
55 3.99
53 3.72
44 2.9
68 8.93
58 2.76
34 2.95
86 5.22
22 1.84
63 4.31
42 2.32
18 1.87
29 2.23
61 5.23
34 2.37
62 6.84
39 3.07
52 2.9
31 2.69
47 3.24
16 1.53
52 4.21
52 4
55 3
34 2.53
34 1.88
83 5.56
27 2.39
30 2.77
31 3.2
33 2.51
77 5.62
24 1.81
20 1.79
61 4.48
56 3.96
37 2.33
39 3.05
59 3.64
75 3.9
30 2.33
32 2.72
44 2.73
41 2.87
55 3.58
46 3.22
78 3.63
34 2.75
37 3.04
72 4.51
50 3.72
81 4.27
63 4.33
55 3.46
55 3.39
35 3.2
34 2.46
33 2.71
54 3.97
49 3.63
46 4.04
49 3
37 2.52
34 3.22
51 3.7
34 2.04
52 3.43
34 2.56
50 4.68
50 3.08
54 3.62
79 3.85
67 4
30 2.9
40 2.72
28 2.6
25 2.76
56 3.94
25 2.24
47 3.76
33 3.55
53 3.46
41 3.74
34 3.42
28 2.38
25 2.18
64 5.45
46 4.18
23 2.42
26 1.74
55 4.18
55 3.48
58 5.78
33 3.52
55 3.68
41 3.5
29 2.78
67 5.2
56 3.62
64 4.42
67 4.44
29 3.46
18 2.04
17 1.9
50 2.42
61 4.62
33 2.6
44 4.3
35 3.52
33 3.26
29 2.74
60 5.46
28 2.7
41 3.78
37 3.48
38 2.94
56 5.18
41 2.86
58 5.2
63 5.38
86 3.6
58 4.72
50 4.4
40 2.42
33 2.54
41 3.46
41 3.44
99 8.74
36 3.14
29 2.34
55 3.5
80 4.46
30 2.54
61 4.04
94 6.42
28 3.21
28 3.19
29 2.93
52 5.41
61 4.38
55 4.81
29 3.27
107 6.46
62 5.6
56 5.8
81 8.13
109 6.14
82 4.62
58 6.12
35 4.31
59 5.14
33 3.79
88 5.78
34 2.9
83 4.73
36 4.32
34 3.17
54 3.75
57 2.79
58 3.68
39 2.69
17 1.94
21 1.95
118 8.02
79 2.79
54 3.34
109 6.52
56 3.58
35 2.66
35 2.76
53 3.9
43 2.92
52 3.9
67 3.48
30 2.5
41 3.04
23 1.7
54 4.34
34 2.76
41 2.86
31 2.42
87 4.06
58 3.38
66 5.68
48 3.5
85 3.6
22 2.4
39 2.78
22 2
54 4.5
29 2.6
56 4.24
25 2.66
62 5.25
61 3.45
43 4.1
33 2.95
83 5.95
34 2.8
33 2.7
55 4.4
34 2.85
57 4.8
60 4.1
40 3.9
53 5.05
30 2.5
24 2.2
31 2.35
59 6.15
36 2.95
42 3.7
43 3.6
33 2.8
58 4.45
28 2.55
50 4
42 4.55
55 4.5
46 4.3
40 3.7
59 4.7
32 2.9
53 4.1
56 5.34
33 4.02
41 4.06
23 3.08
40 3.95
37 4.06
50 4.84
25 3.22
65 5
61 8.06
34 4.28
39 4.64
38 4.18
35 4.12
39 3.42
43 4.24
31 2.76
31 4.06
45 3.78
25 3.48
25 3.28
35 2.7
45 3.82
26 2.86
26 2.02
24 2.7
38 5.38
26 2
24 2.94
34 3.56
41 3.36
31 3.46
33 3.45
35 4.1
29 2.5
27 3.6
29 3.25
50 4.9
53 5.1
26 3.8
26 2.65
21 2.05
29 3.95
35 4.45
31 3.55
26 2.65
41 3.85
44 3.65
45 4.7
20 2.25
42 4.2
21 2.05
25 2.55
29 2.5
33 4.85
83 8.7
34 3.7
31 3.05
40 3.65
26 2.45
44 3.85
30 3.1
22 2.75
57 4.25
26 2.1
31 3.55
50 5.85
43 3.6
36 4.15
24 2.5
34 2.7
37 3.85
25 2.35
34 3.05
42 3.3
25 2
37 2.65
36 2.95
29 2.85
56 4.1
34 3.2
29 2.8
25 2.4
27 3.6
35 3.1
44 4.4
58 4.6
27 2.65
34 3.05
35 3.15
36 3.1
21 2
34 2.55
33 4.9
38 2.04
32 2.02
32 2.2
43 3.6
42 3.4
31 4.62
39 1.98
35 3.4
24 2.58
40 4.34
30 2.82
29 1.88
83 5.94
34 3.06
49 3.84
34 3.15
94 5.5
34 3.8
24 2.54
28 3.27
30 2.18
34 3
61 5.74
48 4.1
38 2.9
36 3.1
43 4.45
46 3.85
31 2.55
29 2.15
37 2.8
35 2.85
54 3.65
55 4.7
27 2.1
25 2.75
47 3.1
51 3.7
64 4.6
28 2.8
36 3.05
51 4.45
42 3.65
40 2.9
57 4.3
39 2.6
23 2.3
59 4.5
36 2.8
45 3.7
34 2.85
55 4.35
34 3.1
45 4
38 3.2
32 2.9
43 3.34
17 1.82
52 4.9
43 4.54
31 4.3
33 3.54
15 1.14
35 4.3
34 3.3
24 1.28
34 3.28
43 4.68
39 2.66
27 3.74
41 4.54
28 2.24
54 3.74
31 2.1
49 3.84
26 1.82
29 2.94
17 1.86
33 2.38
40 4.54
59 3.88
45 4.12
41 3.72
88 9.56
32 3.24
38 3.28
93 7.42
27 2.48
35 3.26
44 3.42
55 4.38
33 2.8
24 2.36
25 2.46
42 3.32
60 6.4
21 2.75
86 6.6
59 7.4
24 3
55 7.05
67 7.55
23 2.25
66 6.6
27 4
33 4
55 7.5
51 6
42 6.5
48 4.75
25 3.3
79 5.3
27 3.45
35 4.6
26 4.35
25 2.6
25 4
26 4.35
53 6.3
49 5
41 5.4
40 3.95
39 5.9
25 3.45
56 6.95
87 6.25
32 4.1
56 6.7
45 4.05
52 6.25
52 6.1
29 3.4
81 5.65
28 4.05
41 4.4
62 8.1
35 4.4
25 3.1
45 5.15
23 2.6
41 4.7
33 4.7
17 1.97
53 6.2
25 3.25
19 2.75
93 8.3
41 4.85
31 3.95
31 3.45
32 4.05
23 2.9
25 3.06
37 3.98
22 2.94
18 1.82
32 4.7
28 2.7
40 3.96
52 4.58
24 2
65 6.9
39 4.68
41 5.42
41 4.56
68 5.66
79 6.84
28 2.92
21 2.42
32 3.54
116 7.7
40 4.96
31 4.14
20 2.64
44 4.52
43 4.52
36 4.1
25 2.62
25 2.12
29 3.95
41 4.1
28 3.55
32 3.2
33 4
25 3.15
24 2.55
25 2.1
28 3.75
38 3.2
32 2.95
39 3.45
32 3.7
25 2.65
34 3.5
16 1.85
43 5.9
60 7.7
28 3.2
59 6.15
45 4.8
48 6.15
115 8.05
25 3.5
60 8.05
23 3.95
54 5.8
25 2.6
30 3.8
60 6.55
37 5.15
43 4.9
42 4.1
40 6.45
22 2.85
53 8.55
76 6.55
66 8.4
24 3.8
39 6.35
60 8.55
43 3.65
33 4.45
36 4.65
48 5.55
51 5.55
25 3
26 3.25
27 3.5
24 2.65
51 7.7
26 3.55
35 4.4
24 3.8
41 7.2
52 5.95
47 4.8
21 3.7
28 3.9
27 2.95
31 4.55
33 4.45
24 2.6
43 4.65
43 5.85
27 3.2
42 5.5
51 6.6
50 5.6
16 1.75
25 3.25
28 4
24 2.8
26 2.7
53 6.65
24 3.95
48 6.85
24 3.6
24 2.65
53 5.15
33 4.9
29 2.95
45 4.4
28 3.6
26 4.5
34 5.1
62 6.06
38 3.48
40 3.86
44 2.2
28 2.98
38 3.76
38 3.06
33 3.76
55 5.44
25 2.98
31 3.06
43 4.4
17 2.8
30 3.46
61 4.4
42 4.18
40 3
46 3.18
29 2.9
40 3.12
48 4.38
28 2.3
31 2.18
26 2.34
33 2.46
45 4.02
43 7.25
27 3.95
40 5.85
29 3.95
21 1.3
23 2.55
58 6.05
25 3.05
25 2.35
52 5.1
26 2.75
24 2.45
63 6.75
50 5.2
26 2.6
24 1.9
25 2.95
25 2.55
55 3.65
26 1.95
23 2.75
83 6.55
40 4.55
49 5.2
53 3.85
26 1.95
24 2.7
23 3
26 3.3
28 3.7
50 5.3
24 2.9
33 4.3
43 5.6
48 5.45
24 2.6
40 4.75
23 3
25 2.9
51 5.45
42 4.95
23 3.45
33 5.4
32 3.1
27 4.65
23 2.35
22 2.2
25 2.4
23 2.95
24 2.55
29 3.95
24 3.35
23 2.05
64 8.1
31 4.65
25 1.85
44 5.9
28 3.45
18 2.9
33 4.85
42 5.15
24 3.35
25 3.6
23 3.1
41 4.85
40 4.3
39 5.6
102 7.1
55 5.9
44 5.15
45 6.9
28 4.15
28 2.9
38 3.9
45 4.5
57 6
25 2.85
40 5.6
30 3.35
75 7
23 2.55
22 2.15
41 5.95
42 6.2
36 4
38 4.7
26 2.95
45 5.5
104 10.55
37 5.12
25 3.2
39 3.9
18 1.76
73 8.9
41 4.34
30 3.32
30 3.32
39 4.64
43 5.84
60 6.32
26 2.56
27 2.98
34 4.06
24 2.14
91 7.36
42 4.18
35 4.72
47 4.92
57 4.68
28 3.64
48 4.82
28 3.9
44 5.52
31 2.72
22 2.84
24 4.54
44 4.86
42 4.16
35 3.8
26 3.5
30 3.14
43 5.56
28 3.08
51 5.56
55 5.92
49 5.65
16 2.3
21 3.55
49 7.15
24 2.25
81 8.45
40 5.4
26 3.75
27 3.9
36 5.85
23 2.65
23 4.85
40 7.15
46 5.5
24 4.5
22 3.25
35 5.55
40 5.5
51 7.35
44 5.75
24 3.8
33 5.6
19 3.5
42 6.65
42 6.35
24 3.2
25 3.9
24 3.9
20 3.45
25 3.95
80 7.75
22 3.1
27 3.25
50 5.95
28 4.3
25 3.35
41 6.5
27 4.45
52 6.05
40 5.15
23 3.1
41 5.6
43 5.5
27 3.6
65 7.5
55 6.9
24 3.4
26 5.05
22 2.7
33 4.65
53 6.2
22 1.7
49 6.25
79 4.5
53 6
38 5.4
42 6.75
50 6.05
28 3.15
75 6.85
26 3.15
35 4.95
105 11.15
36 7.7
54 6.85
29 3
29 5.2
45 6.35
52 6.4
24 3.6
47 5.45
111 9.55
40 5.2
32 4.65
70 7.25
36 5.65
62 5.75
54 4.7
25 2.5
55 7.15
17 2.15
56 7.3
42 6.15
29 4.2
79 7.8
45 5.2
50 5.75
33 4.55
34 4.2
64 6.25
25 2.8
25 3.6
21 2.5
29 3.9
26 3.65
23 2.6
83 6.75
32 3.4
23 2.5
30 4.05
51 7.8
34 4.8
27 3.65
64 7.05
49 4.45
38 5.6
29 4
56 5.95
60 6.8
42 5
43 5
27 2.8
26 4.8
26 4.85
33 5.2
39 4.6
27 2.55
52 7.15
41 5.65
34 4.4
41 5.25
28 3.95
62 5.8
45 5.25
66 5.08
29 2.36
81 4.08
62 4.36
60 3.7
44 4.86
50 4.02
59 5
29 3.08
50 3.56
48 4.2
62 5.68
81 6.02
52 4.04
75 4.76
32 2.64
48 3.9
57 5.9
68 4.98
28 2.88
70 6.18
60 5.5
61 3.64
53 3.68
30 3.06
31 3.98
30 2.82
45 3.94
61 5
72 4.7
27 2.38
31 1.96
32 3.5
41 2.94
32 3.42
27 3.98
35 3.58
37 3.76
33 3.34
64 4.42
54 4.06
30 2.46
54 7.16
61 5.86
55 4.56
63 5.08
58 4.5
43 4.12
47 6.06
30 3.4
29 3.76
19 1.78
25 2.38
34 3.38
14 1.44
24 3.06
30 2.32
28 3.4
31 2.88
22 1.5
29 2.84
37 3.06
29 3.14
25 3.84
35 4.6
27 3.08
20 1.82
24 3.9
28 3.4
20 2.3
35 3.96
29 3.62
35 3.44
50 4.26
37 4.1
35 4.22
30 3.64
57 4.16
74 6.3
28 3.86
53 4.72
62 5.46
56 6.04
50 3.56
29 3.48
28 2.62
54 5.72
60 5.56
52 4.74
30 3.42
30 2.18
48 5.18
65 5.68
89 8.98
55 5.34
35 2.66
50 4.78
52 6.32
29 3.18
35 2.8
57 5.56
55 6.64
36 3.72
30 2.98
49 5.96
30 3.28
36 3.04
42 4.7
31 3.18
31 2.58
27 2.76
27 2.84
27 3.42
30 2.78
30 2.62
51 4.7
26 3.14
28 2.6
30 3.38
29 3.34
29 2.98
40 4.06
35 2.88
57 4.76
88 4.88
44 3.4
56 5.4
52 3.46
64 4.36
51 4.24
43 4.7
23 1.56
55 4.68
35 3.56
37 2.9
40 3.74
34 3.56
55 3.94
31 2.66
53 3.22
29 3.32
56 4.2
94 4.94
34 2.66
35 3.75
50 4.28
24 3.18
43 4.83
45 5.04
24 2.25
19 2.13
38 3.39
33 4.51
41 3.22
34 2.66
36 3.25
31 2.48
35 3.47
27 2.52
43 3.99
25 3.18
44 4.48
46 3.5
38 3.52
56 4.38
45 3.8
44 4.86
90 8.06
69 8.12
61 5.62
42 3.82
58 4.72
42 4.68
44 2.76
53 3.84
41 2.82
48 5.26
43 5.32
45 5.32
20 1.68
26 3.2
56 3.82
48 4.62
46 4.38
18 1.92
43 3.04
36 3.14
27 2.16
43 5.46
22 2.7
26 2.7
34 3.45
33 3.72
32 3.44
26 1.98
33 3.66
41 3.6
63 4.28
33 2.8
54 4.22
27 3.34
42 3
45 3.62
37 5.32
37 3.6
41 4.66
30 3.3
36 3.14
32 2.46
37 3.38
37 3.88
31 3.32
32 3.64
34 3.2
33 2.5
43 4.96
44 5
32 2.37
115 8.35
26 2.08
52 3.9
33 2.25
30 3
36 3.62
49 2.53
45 3.72
41 4.37
40 2.5
38 1.97
35 3.75
43 2.97
62 3.97
24 2.42
31 2.66
49 4.67
59 4.02
43 4.28
34 2.57
30 1.79
31 2.26
43 2.99
47 2.11
33 2.71
28 1.66
30 2.06
72 4.64
55 5.5
44 4.32
44 3.66
32 2.76
45 5.24
34 3.7
26 2.76
23 2.06
25 2.02
22 1.6
24 2.74
34 3.12
26 3.34
23 2.72
30 3.02
26 1.9
30 2.64
45 3.34
19 2.28
29 3.22
29 3
18 1.06
25 2.56
17 2.04
31 2.18
35 3.26
31 2.94
33 2.56
68 2.96
60 4.36
40 3.4
27 1.92
36 3.54
102 5.12
36 2.96
46 3.34
31 2.44
31 2.82
43 4.06
53 4.38
31 2.02
37 2.74
31 2.9
21 1.5
29 3.26
43 2.74
32 1.94
24 1.44
41 3.64
26 2.58
21 1.86
26 3.1
31 3.74
28 3.82
26 2.72
26 3
46 5.02
28 2.52
48 4.54
24 2.54
26 3.04
28 3.42
26 3.14
27 3.2
27 3.82
28 3.28
28 1.38
31 3.76
30 2.84
23 2.02
28 1.5
26 1.96
28 2.6
29 2.9
25 2.13
29 2.78
26 2.44
30 2.1
26 2.09
30 3.19
42 4.35
54 5.34
28 3.3
27 2.14
32 2.74
24 2.32
25 3.03
37 3.57
24 1.78
33 2.31
42 3.9
32 2.59
30 2.68
43 4.36
53 4
35 3.62
37 2.6
50 3.58
33 3.12
61 4.22
59 3.36
67 3.6
41 3.66
39 3.66
37 3.12
33 3.2
40 3.5
41 3
79 5.86
36 3.26
32 2.22
25 1.92
41 3.12
43 3.34
53 5.96
32 3.34
27 2.56
43 3.58
41 3.62
33 2.68
32 2.34
36 3.58
70 3.68
34 2.68
45 3.68
28 2.2
42 3.08
21 1.44
37 3.14
35 3.14
36 2.32
36 2.3
38 4.5
28 2.58
30 2.34
27 1.66
31 2.84
46 4.98
91 4.46
44 6.02
44 3.82
36 3
44 4.02
29 3.68
34 3.96
60 3.82
96 4.4
40 2.8
35 2.7
38 3.5
38 2.5
40 3.3
29 3.36
44 2.66
46 3
61 3.8
36 2.28
32 2.4
46 4.46
31 3.86
35 2.8
33 3.28
45 4.72
33 3.82
45 4.48
38 3.5
25 1.8
48 4.68
44 3.34
45 2.82
39 3.32
55 4
36 2.44
43 3.58
25 2.4
31 2.52
105 5.16
28 2.58
62 3.52
44 4.42
45 4.74
40 3.88
48 5.36
57 5.4
46 3.56
25 1.78
44 4.58
46 4.1
39 3.78
26 1.68
24 2.48
62 4.2
46 4.92
44 3.54
44 4.36
52 3.8
56 3.7
31 2.78
104 7
36 3.5
28 2.76
29 2.3
35 4.02
22 2.7
31 2.26
28 2.28
25 2.58
38 3.38
24 1.66
43 4.74
24 1.86
85 5.18
30 3.9
32 2.44
37 3.78
45 4.38
29 2.28
37 3.44
36 3.78
32 3.3
36 3.54
35 3.96
42 5.12
31 2.54
36 3.5
25 2.56
23 2.8
31 2.98
55 4.1
35 3.52
45 3.36
61 5.34
52 4.38
30 2.36
25 1.62
26 1.94
28 2.08
48 4.26
43 4.02
26 2.5
31 2.82
60 5.58
28 2.8
43 3.96
26 1.94
28 2.22
29 3.02
58 6.52
26 2.56
27 1.62
28 2.16
30 3.26
29 3.58
27 3.02
26 2.06
24 2.2
93 7.72
25 2.02
38 4.14
26 2.14
27 2.2
35 3.94
26 1.98
64 7.76
34 3.76
27 3.42
31 3.62
32 4.22
27 3.46
63 6.98
19 1.56
27 1.92
56 6.54
29 2.62
25 1.76
56 4.1
28 3.14
53 4.9
28 2.6
53 5.54
25 3
25 2.48
26 2.54
27 2.7
97 4.08
60 7.66
36 4.82
37 3.14
41 5.92
29 3.7
31 4.18
40 5.42
55 6.74
111 10.08
79 5.74
65 8.14
26 3.3
45 5.9
27 4.12
60 5.62
25 3.02
30 3.54
31 4.52
28 3.2
68 7.94
47 6.76
45 5.34
24 2.62
54 5.3
26 2.54
29 3.92
67 5.08
32 4.06
29 3.68
27 3.24
28 3.12
22 2.4
26 3
40 5.88
28 3.36
70 6.36
39 5.82
56 6.68
45 5.02
26 3.14
85 5.74
36 4.74
28 3.22
33 4.02
50 6
35 4.7
35 6.18
47 8.2
53 5.24
32 4.42
29 2.74
31 4.3
76 6.76
33 3.1
41 3.76
51 5.68
29 3.18
30 4.04
27 3.28
28 3.02
27 2.66
35 4.16
69 6.9
28 3.58
28 3.38
23 2.22
28 2.84
32 3.98
55 5.04
62 6.3
55 6.16
63 5.56
60 5.4
56 5.62
29 3.92
26 3.12
29 3.1
44 4.4
84 7.38
29 3.28
26 3.3
22 3.06
68 7.72
28 3.5
43 5.26
23 3.38
38 4.84
27 2.68
27 3.24
27 3
46 4.78
28 3.4
57 5.72
74 6.68
26 3.64
26 4.02
36 4.56
46 6.2
63 5.56
59 7.16
52 6.65
26 4.25
49 7.45
51 9.2
89 9.35
80 7.3
59 7.6
64 7.8
27 4.35
30 3.8
26 4.15
46 4.8
26 3.7
22 2.2
25 2.65
40 5.45
47 6.5
61 7.45
28 3.2
65 7.1
61 5.2
27 3.55
35 5.1
69 6.25
64 6.45
84 7.2
56 6.2
33 3.55
38 5.75
28 3.75
28 3.2
25 2.75
31 3.85
51 4.6
37 4.2
43 4.55
36 4.85
41 4.25
42 5.75
36 4.25
27 3.75
96 13
15 1.6
33 4.1
42 5.25
28 2.85
63 5.9
50 5.45
42 4.35
52 5.2
46 5.16
45 5.3
30 2.98
50 4.1
41 6.22
48 5.54
25 3.6
63 4.4
11 0.84
24 3.68
26 3.86
47 4.78
73 6.92
48 4.98
83 7.4
55 5.42
47 4.38
47 4.68
27 3.52
20 1.88
26 2.12
47 5.04
55 5.8
57 4.48
32 3.34
29 4.24
43 4.56
47 7
28 3.7
30 6.5
44 4.92
53 5.3
83 6.31
35 3.54
36 3.03
38 2.6
86 5.54
34 2.82
38 3.93
63 5.64
32 4.09
32 3.56
30 2.45
24 2.17
20 1.61
47 3.67
38 3.14
37 3.98
37 3.9
36 3.62
61 5.49
35 3.63
24 3.12
37 3.64
19 2.81
43 3.95
33 5.94
61 6.98
36 2.68
30 3.72
34 3.82
49 6.04
49 4.5
82 8.46
44 5.12
28 3.2
59 4.62
18 2.08
28 2.38
36 3.92
32 3.52
30 3.12
24 2.7
26 3.82
30 2.86
34 2.52
45 3.49
50 3.7
40 2.63
37 4.47
69 2.61
25 1.95
49 3.08
19 1.61
53 4.26
60 2.53
37 2.39
59 3.74
27 2.77
37 2.17
45 3.41
27 2.79
69 3
71 3.48
55 3.06
61 4.43
64 3.26
59 3.89
68 2.89
67 4.59
60 3.02
82 3.67
55 3.62
36 2.83
35 2.2
77 3.98
70 4.38
66 3.44
36 3.36
47 4.23
37 3.04
48 2.69
69 3.9
81 11.79
34 3.71
34 3.43
31 2.1
69 4.01
34 2.88
60 3.68
43 4.66
45 4.1
55 3.75
35 3.24
42 3.91
45 3.46
51 4.41
102 5.62
39 3.67
18 2.04
72 3.01
18 1.58
48 4.02
31 3.82
41 2.43
61 4.64
70 4.2
52 3.72
48 3.5
15 1.46
56 2.87
36 2.45
59 3.96
23 2.46
30 2.85
122 9.15
46 4.17
42 4.68
34 2.48
45 3.15
35 3.18
25 3.51
32 2.61
78 5.02
34 3.89
87 6.09
24 2.45
25 2.2
17 2.43
57 3.1
76 4.4
43 3.86
76 4.24
47 3.85
30 2.39
35 3.14
35 3.04
26 1.55
53 3.46
68 3.37
41 2.75
54 2.79
23 1.59
47 4.67
57 3.88
25 2.62
36 2.86
48 3.13
59 3.63
24 2.72
55 4.36
43 4.29
21 1.4
31 2.91
62 5.73
36 2.54
62 5.29
28 2.22
66 4.3
54 3.22
44 5.06
32 2.66
48 5
28 2.56
31 2.92
33 3.86
25 2.48
48 5
42 4.3
18 1.7
43 5.14
89 4.84
50 5.66
68 5.2
67 3.88
44 4.46
56 3.86
38 3.78
65 4.82
69 4.34
32 3.18
33 3.16
51 4.26
30 3.3
32 2.64
20 2.52
43 3.96
44 3.34
45 6.5
39 3.48
69 4.5
24 2.2
40 4.24
46 5.24
44 3.48
45 4.4
28 2.12
70 5.9
17 1.46
22 2.84
45 4.06
65 5.12
32 3.14
56 3.66
37 3.58
47 4.68
24 2.8
62 5.72
47 4.42
65 4.6
37 2.74
27 3.14
25 2.74
28 2.94
44 5.18
67 3.1
62 4.6
41 2.66
29 2.88
94 9.44
58 9.4
32 2.76
90 8.94
47 5.32
24 3.02
46 4.54
46 4.04
37 3.76
93 7.7
53 3.46
68 3.46
46 2.96
16 2.3
89 7.34
37 3.98
38 4.34
31 2.32
47 2.72
27 2.6
30 2.68
56 6.26
31 3.4
38 3.46
38 3.7
65 9.94
26 3.66
103 4.82
42 3.94
58 4.02
36 3.34
37 3.9
35 3.44
46 5.32
62 4.78
49 2.38
39 4.04
61 5.16
34 4.2
32 2.94
19 2.4
41 3.06
46 4.86
41 3.52
70 3.88
57 4.14
54 4.86
38 3.8
53 5.08
60 4.88
48 3.98
82 6.84
26 2.56
19 2
27 3.88
36 3.44
29 3.64
66 5.04
36 2.84
45 4.85
32 2.57
33 2.5
31 2.71
35 3.41
31 3.95
33 3.04
38 4.29
36 2.53
76 5.53
36 3.29
26 2.98
30 2.53
34 2.85
53 4.74
46 3.43
34 3.11
41 4.46
56 5.39
44 4.27
72 4.69
30 3.08
33 2.84
66 4.58
63 4.48
30 2.17
32 3.39
31 2.61
31 2.5
50 3.49
49 4.59
52 3.6
44 4.13
54 3.96
39 3.57
34 2.99
26 3.22
37 2.82
57 4.66
35 3.15
28 1.74
27 2.7
29 3.29
26 3.03
43 4.56
85 4.96
29 3.06
27 3.56
42 5.68
24 2.86
26 2.06
60 5.47
48 5.57
45 5.28
52 6.62
87 8.22
31 4.39
27 3.42
28 4.17
55 5.5
49 3.97
25 4.18
45 3.94
27 3.45
27 2.64
27 2.64
28 2.65
38 3.35
61 6.39
45 4.68
16 1.76
26 4.16
41 5.5
29 3.78
45 4.39
41 5.41
50 6.17
94 6.69
31 3.48
53 6.42
45 5.47
42 5.21
60 5.96
82 6.71
48 5.1
26 2.95
25 3.96
22 2.05
30 4
59 7.36
32 2.56
22 1.95
28 2.29
27 2.55
43 4.98
32 4.15
47 4.69
98 5.39
33 4.6
29 2.51
47 4.86
25 3.19
29 3.74
53 5.05
32 3.88
58 6.02
26 4.82
46 5.17
54 4.59
30 3.27
63 5.19
55 6.09
43 5.31
54 5.51
29 2.7
48 3.87
48 5.54
45 3.29
68 4.59
33 4.02
60 4.54
49 4.45
42 4.64
76 6.03
46 4.19
25 2.55
55 3.8
27 3.15
50 4.36
46 4.77
48 4.38
42 3.41
50 3.89
41 4.82
40 4.66
56 4.98
83 5.57
34 3.92
71 7.51
57 5.73
26 3.63
40 3.7
40 5.35
26 2.58
30 2.41
23 2.27
46 4.45
66 5.46
24 1.56
63 5.19
44 5.49
27 2.37
82 5.02
30 2.4
26 2.06
74 4.52
27 2.36
58 4.61
98 5.44
33 2.83
40 4.05
72 5.97
109 5.61
30 2.95
25 2.52
56 4.91
52 4.5
31 3.55
44 5.26
28 2.55
39 4.01
29 3.34
53 4.25
56 5.09
45 4.85
47 5.1
53 5.44
30 4.14
25 3.37
26 2.78
42 5.35
26 3.03
47 6.03
25 3.62
26 2.71
26 3.74
26 3.39
26 3.18
31 3.31
81 5.69
26 3.24
21 1.98
47 5.31
24 2.22
29 4.09
28 2.97
22 2.75
25 2.77
60 5.03
60 5.34
45 4.02
31 3.66
42 3.2
21 2.29
26 3.83
27 2.52
60 4.7
45 4.42
38 3.77
45 4.48
41 4.12
47 3.77
65 5.19
24 2.67
31 4.92
48 5.66
45 3.84
27 5.03
52 6.17
29 4.52
23 4.59
34 5.88
25 3.25
27 2.92
28 3.25
23 2.52
24 3.39
25 3.8
24 1.9
31 3.56
24 3.77
20 2.47
54 5.57
24 2.38
29 3.33
22 3.27
21 2.45
30 5.43
46 4.35
28 2.81
28 3.31
21 2.46
25 3.65
30 4.22
33 3.87
27 2.49
20 2.6
54 4.33
26 3.75
24 1.46
28 4.14
21 3.29
25 4.36
26 3.09
41 4.68
23 2.95
30 3.45
29 2.97
51 5.19
25 3.46
25 3.06
46 4.35
56 5.2
26 2.63
23 3.82
26 1.84
43 5.46
27 2.45
27 2.93
17 1.2
29 2.5
23 2.81
42 2.46
44 4.64
41 4.37
30 3.6
27 3.24
55 5.09
25 3.2
63 5.45
26 3.32
37 3.49
46 4.65
67 6.75
61 5.26
43 5.41
27 2.78
25 2.8
48 3.64
26 3.6
30 3.87
26 2.99
36 3.64
24 2.92
29 4.32
27 2.98
28 2.53
31 3.34
30 3.81
25 2.48
56 5.92
47 3.93
40 4.84
27 3.84
26 3.09
28 3.53
42 4.3
29 3.14
26 4.16
87 6.15
47 5.98
23 2.89
25 2.59
64 5.32
46 4.44
23 2.67
18 2.49
26 3.27
25 2.24
26 2.8
53 4.5
43 3.68
44 5.36
56 7.66
59 4.99
45 4.83
27 3.94
27 3.74
62 6.22
41 2.86
52 3.67
42 5.44
53 5.82
24 3.11
42 6.81
63 5.12
28 3.95
50 5.63
26 2.34
25 2.19
62 5.61
56 5.43
27 1.84
26 3.04
35 3.74
30 3.32
26 2.79
41 4.46
48 5.87
58 3.75
29 2.94
49 3.87
34 4.1
50 3.5
25 2.47
52 6.2
57 4.62
46 4.51
38 3.73
26 3.35
28 2.88
43 3.25
62 4.36
31 2.22
42 6.1
20 3.48
55 6.41
53 4.12
30 3.64
43 4.35
31 3.23
44 4.08
23 1.89
51 7.4
36 3.92
51 5.55
27 4.47
28 3.51
32 3.79
38 4.76
27 3.1
28 3.46
65 4.83
34 3.74
51 5.38
60 5.6
22 2.62
27 3.05
42 4.55
25 3.02
