year,year_updated,L50,kmat,a50
1997,2022,63.3,0.65,6.9
1998,2022,60.1,0.4,5.3
1999,2022,63.2,0.51,6.9
2000,2022,62.4,0.34,6.4
2001,2022,64.6,0.65,7.6
2002,2022,64,0.54,7.3
2003,2022,63.5,0.48,7
2004,2022,63.5,0.64,7
2005,2022,60.7,0.41,5.6
2006,2022,60.5,0.53,5.5
2007,2022,62.6,0.52,6.6
2008,2022,61.7,0.35,6.1
2009,2022,60.2,0.42,5.4
2010,2022,60.5,0.32,5.5
2011,2022,61.6,0.46,6
2012,2022,63.1,0.55,6.8
2013,2022,62,0.41,6.2
2014,2022,60.1,0.39,5.3
2015,2022,61.9,0.35,6.2
2016,2022,61.9,0.64,6.2
2017,2022,62.9,0.53,6.7
2018,2022,64,0.45,7.3
2019,2022,59.3,0.38,5
2020,2022,59.8,0.25,5.2
2021,2022,57.9,0.31,4.3
2022,2022,57.5,0.36,4.2
